Model,Anchor,Anchor Shape,Anchor Texture,Shape Match,Texture Match,Metric,Shape Distance,Texture Distance,Shape Match Closer,Texture Match Closer
resnet50,elephant1-dog2,elephant1,dog2,elephant10-knife3,cat9-dog2,dot,581.5174560546875,747.06298828125,0,1
resnet50,elephant1-dog2,elephant1,dog2,elephant10-knife3,car3-dog2,dot,581.5174560546875,705.9681396484375,0,1
resnet50,elephant1-dog2,elephant1,dog2,elephant10-knife3,car1-dog2,dot,581.5174560546875,656.3482666015625,0,1
resnet50,elephant1-dog2,elephant1,dog2,elephant10-knife3,boat9-dog2,dot,581.5174560546875,592.010986328125,0,1
resnet50,elephant1-dog2,elephant1,dog2,elephant10-knife3,boat4-dog2,dot,581.5174560546875,687.1287841796875,0,1
resnet50,elephant1-dog2,elephant1,dog2,elephant10-knife3,oven7-dog2,dot,581.5174560546875,803.65087890625,0,1
resnet50,elephant1-dog2,elephant1,dog2,elephant10-knife3,chair9-dog2,dot,581.5174560546875,706.7984619140625,0,1
resnet50,elephant1-dog2,elephant1,dog2,elephant10-knife3,chair3-dog2,dot,581.5174560546875,648.515625,0,1
resnet50,elephant1-dog2,elephant1,dog2,elephant10-knife3,truck6-dog2,dot,581.5174560546875,768.6868896484375,0,1
resnet50,elephant1-dog2,elephant1,dog2,elephant10-knife3,bird2-dog2,dot,581.5174560546875,770.182373046875,0,1
resnet50,elephant1-dog2,elephant1,dog2,elephant10-knife3,bird9-dog2,dot,581.5174560546875,693.252197265625,0,1
resnet50,elephant1-dog2,elephant1,dog2,elephant10-knife3,bird5-dog2,dot,581.5174560546875,699.447265625,0,1
resnet50,elephant1-dog2,elephant1,dog2,elephant10-knife3,airplane4-dog2,dot,581.5174560546875,735.6265869140625,0,1
resnet50,elephant1-dog2,elephant1,dog2,elephant10-knife3,bicycle5-dog2,dot,581.5174560546875,698.7567138671875,0,1
resnet50,elephant1-dog2,elephant1,dog2,elephant10-knife3,bicycle6-dog2,dot,581.5174560546875,611.42578125,0,1
resnet50,elephant1-dog2,elephant1,dog2,elephant10-knife3,bottle1-dog2,dot,581.5174560546875,694.4677734375,0,1
resnet50,elephant1-dog2,elephant1,dog2,elephant10-knife3,bottle8-dog2,dot,581.5174560546875,657.6202392578125,0,1
resnet50,elephant1-dog2,elephant1,dog2,elephant10-knife3,bottle4-dog2,dot,581.5174560546875,609.8226318359375,0,1
resnet50,elephant1-dog2,elephant1,dog2,elephant10-knife3,keyboard6-dog2,dot,581.5174560546875,589.3507080078125,0,1
resnet50,elephant1-dog2,elephant1,dog2,elephant10-knife3,clock3-dog2,dot,581.5174560546875,574.0628051757812,1,0
resnet50,elephant1-dog2,elephant1,dog2,elephant10-knife3,clock1-dog2,dot,581.5174560546875,705.228271484375,0,1
resnet50,elephant1-dog2,elephant1,dog2,elephant10-knife3,clock7-dog2,dot,581.5174560546875,646.4017333984375,0,1
resnet50,elephant1-dog2,elephant1,dog2,elephant10-knife3,knife6-dog2,dot,581.5174560546875,492.3348693847656,1,0
resnet50,elephant1-dog2,elephant1,dog2,elephant10-knife3,elephant6-dog2,dot,581.5174560546875,752.1236572265625,0,1
resnet50,elephant1-dog2,elephant1,dog2,elephant1-keyboard3,cat9-dog2,dot,593.756591796875,747.06298828125,0,1
resnet50,elephant1-dog2,elephant1,dog2,elephant1-keyboard3,car3-dog2,dot,593.756591796875,705.9681396484375,0,1
resnet50,elephant1-dog2,elephant1,dog2,elephant1-keyboard3,car1-dog2,dot,593.756591796875,656.3482666015625,0,1
resnet50,elephant1-dog2,elephant1,dog2,elephant1-keyboard3,boat9-dog2,dot,593.756591796875,592.010986328125,1,0
resnet50,elephant1-dog2,elephant1,dog2,elephant1-keyboard3,boat4-dog2,dot,593.756591796875,687.1287841796875,0,1
resnet50,elephant1-dog2,elephant1,dog2,elephant1-keyboard3,oven7-dog2,dot,593.756591796875,803.65087890625,0,1
resnet50,elephant1-dog2,elephant1,dog2,elephant1-keyboard3,chair9-dog2,dot,593.756591796875,706.7984619140625,0,1
resnet50,elephant1-dog2,elephant1,dog2,elephant1-keyboard3,chair3-dog2,dot,593.756591796875,648.515625,0,1
resnet50,elephant1-dog2,elephant1,dog2,elephant1-keyboard3,truck6-dog2,dot,593.756591796875,768.6868896484375,0,1
resnet50,elephant1-dog2,elephant1,dog2,elephant1-keyboard3,bird2-dog2,dot,593.756591796875,770.182373046875,0,1
resnet50,elephant1-dog2,elephant1,dog2,elephant1-keyboard3,bird9-dog2,dot,593.756591796875,693.252197265625,0,1
resnet50,elephant1-dog2,elephant1,dog2,elephant1-keyboard3,bird5-dog2,dot,593.756591796875,699.447265625,0,1
resnet50,elephant1-dog2,elephant1,dog2,elephant1-keyboard3,airplane4-dog2,dot,593.756591796875,735.6265869140625,0,1
resnet50,elephant1-dog2,elephant1,dog2,elephant1-keyboard3,bicycle5-dog2,dot,593.756591796875,698.7567138671875,0,1
resnet50,elephant1-dog2,elephant1,dog2,elephant1-keyboard3,bicycle6-dog2,dot,593.756591796875,611.42578125,0,1
resnet50,elephant1-dog2,elephant1,dog2,elephant1-keyboard3,bottle1-dog2,dot,593.756591796875,694.4677734375,0,1
resnet50,elephant1-dog2,elephant1,dog2,elephant1-keyboard3,bottle8-dog2,dot,593.756591796875,657.6202392578125,0,1
resnet50,elephant1-dog2,elephant1,dog2,elephant1-keyboard3,bottle4-dog2,dot,593.756591796875,609.8226318359375,0,1
resnet50,elephant1-dog2,elephant1,dog2,elephant1-keyboard3,keyboard6-dog2,dot,593.756591796875,589.3507080078125,1,0
resnet50,elephant1-dog2,elephant1,dog2,elephant1-keyboard3,clock3-dog2,dot,593.756591796875,574.0628051757812,1,0
resnet50,elephant1-dog2,elephant1,dog2,elephant1-keyboard3,clock1-dog2,dot,593.756591796875,705.228271484375,0,1
resnet50,elephant1-dog2,elephant1,dog2,elephant1-keyboard3,clock7-dog2,dot,593.756591796875,646.4017333984375,0,1
resnet50,elephant1-dog2,elephant1,dog2,elephant1-keyboard3,knife6-dog2,dot,593.756591796875,492.3348693847656,1,0
resnet50,elephant1-dog2,elephant1,dog2,elephant1-keyboard3,elephant6-dog2,dot,593.756591796875,752.1236572265625,0,1
resnet50,elephant1-dog2,elephant1,dog2,elephant1-chair1,cat9-dog2,dot,591.4393310546875,747.06298828125,0,1
resnet50,elephant1-dog2,elephant1,dog2,elephant1-chair1,car3-dog2,dot,591.4393310546875,705.9681396484375,0,1
resnet50,elephant1-dog2,elephant1,dog2,elephant1-chair1,car1-dog2,dot,591.4393310546875,656.3482666015625,0,1
resnet50,elephant1-dog2,elephant1,dog2,elephant1-chair1,boat9-dog2,dot,591.4393310546875,592.010986328125,0,1
resnet50,elephant1-dog2,elephant1,dog2,elephant1-chair1,boat4-dog2,dot,591.4393310546875,687.1287841796875,0,1
resnet50,elephant1-dog2,elephant1,dog2,elephant1-chair1,oven7-dog2,dot,591.4393310546875,803.65087890625,0,1
resnet50,elephant1-dog2,elephant1,dog2,elephant1-chair1,chair9-dog2,dot,591.4393310546875,706.7984619140625,0,1
resnet50,elephant1-dog2,elephant1,dog2,elephant1-chair1,chair3-dog2,dot,591.4393310546875,648.515625,0,1
resnet50,elephant1-dog2,elephant1,dog2,elephant1-chair1,truck6-dog2,dot,591.4393310546875,768.6868896484375,0,1
resnet50,elephant1-dog2,elephant1,dog2,elephant1-chair1,bird2-dog2,dot,591.4393310546875,770.182373046875,0,1
resnet50,elephant1-dog2,elephant1,dog2,elephant1-chair1,bird9-dog2,dot,591.4393310546875,693.252197265625,0,1
resnet50,elephant1-dog2,elephant1,dog2,elephant1-chair1,bird5-dog2,dot,591.4393310546875,699.447265625,0,1
resnet50,elephant1-dog2,elephant1,dog2,elephant1-chair1,airplane4-dog2,dot,591.4393310546875,735.6265869140625,0,1
resnet50,elephant1-dog2,elephant1,dog2,elephant1-chair1,bicycle5-dog2,dot,591.4393310546875,698.7567138671875,0,1
resnet50,elephant1-dog2,elephant1,dog2,elephant1-chair1,bicycle6-dog2,dot,591.4393310546875,611.42578125,0,1
resnet50,elephant1-dog2,elephant1,dog2,elephant1-chair1,bottle1-dog2,dot,591.4393310546875,694.4677734375,0,1
resnet50,elephant1-dog2,elephant1,dog2,elephant1-chair1,bottle8-dog2,dot,591.4393310546875,657.6202392578125,0,1
resnet50,elephant1-dog2,elephant1,dog2,elephant1-chair1,bottle4-dog2,dot,591.4393310546875,609.8226318359375,0,1
resnet50,elephant1-dog2,elephant1,dog2,elephant1-chair1,keyboard6-dog2,dot,591.4393310546875,589.3507080078125,1,0
resnet50,elephant1-dog2,elephant1,dog2,elephant1-chair1,clock3-dog2,dot,591.4393310546875,574.0628051757812,1,0
resnet50,elephant1-dog2,elephant1,dog2,elephant1-chair1,clock1-dog2,dot,591.4393310546875,705.228271484375,0,1
resnet50,elephant1-dog2,elephant1,dog2,elephant1-chair1,clock7-dog2,dot,591.4393310546875,646.4017333984375,0,1
resnet50,elephant1-dog2,elephant1,dog2,elephant1-chair1,knife6-dog2,dot,591.4393310546875,492.3348693847656,1,0
resnet50,elephant1-dog2,elephant1,dog2,elephant1-chair1,elephant6-dog2,dot,591.4393310546875,752.1236572265625,0,1
resnet50,elephant1-dog2,elephant1,dog2,elephant10-keyboard1,cat9-dog2,dot,599.4036865234375,747.06298828125,0,1
resnet50,elephant1-dog2,elephant1,dog2,elephant10-keyboard1,car3-dog2,dot,599.4036865234375,705.9681396484375,0,1
resnet50,elephant1-dog2,elephant1,dog2,elephant10-keyboard1,car1-dog2,dot,599.4036865234375,656.3482666015625,0,1
resnet50,elephant1-dog2,elephant1,dog2,elephant10-keyboard1,boat9-dog2,dot,599.4036865234375,592.010986328125,1,0
resnet50,elephant1-dog2,elephant1,dog2,elephant10-keyboard1,boat4-dog2,dot,599.4036865234375,687.1287841796875,0,1
resnet50,elephant1-dog2,elephant1,dog2,elephant10-keyboard1,oven7-dog2,dot,599.4036865234375,803.65087890625,0,1
resnet50,elephant1-dog2,elephant1,dog2,elephant10-keyboard1,chair9-dog2,dot,599.4036865234375,706.7984619140625,0,1
resnet50,elephant1-dog2,elephant1,dog2,elephant10-keyboard1,chair3-dog2,dot,599.4036865234375,648.515625,0,1
resnet50,elephant1-dog2,elephant1,dog2,elephant10-keyboard1,truck6-dog2,dot,599.4036865234375,768.6868896484375,0,1
resnet50,elephant1-dog2,elephant1,dog2,elephant10-keyboard1,bird2-dog2,dot,599.4036865234375,770.182373046875,0,1
resnet50,elephant1-dog2,elephant1,dog2,elephant10-keyboard1,bird9-dog2,dot,599.4036865234375,693.252197265625,0,1
resnet50,elephant1-dog2,elephant1,dog2,elephant10-keyboard1,bird5-dog2,dot,599.4036865234375,699.447265625,0,1
resnet50,elephant1-dog2,elephant1,dog2,elephant10-keyboard1,airplane4-dog2,dot,599.4036865234375,735.6265869140625,0,1
resnet50,elephant1-dog2,elephant1,dog2,elephant10-keyboard1,bicycle5-dog2,dot,599.4036865234375,698.7567138671875,0,1
resnet50,elephant1-dog2,elephant1,dog2,elephant10-keyboard1,bicycle6-dog2,dot,599.4036865234375,611.42578125,0,1
resnet50,elephant1-dog2,elephant1,dog2,elephant10-keyboard1,bottle1-dog2,dot,599.4036865234375,694.4677734375,0,1
resnet50,elephant1-dog2,elephant1,dog2,elephant10-keyboard1,bottle8-dog2,dot,599.4036865234375,657.6202392578125,0,1
resnet50,elephant1-dog2,elephant1,dog2,elephant10-keyboard1,bottle4-dog2,dot,599.4036865234375,609.8226318359375,0,1
resnet50,elephant1-dog2,elephant1,dog2,elephant10-keyboard1,keyboard6-dog2,dot,599.4036865234375,589.3507080078125,1,0
resnet50,elephant1-dog2,elephant1,dog2,elephant10-keyboard1,clock3-dog2,dot,599.4036865234375,574.0628051757812,1,0
resnet50,elephant1-dog2,elephant1,dog2,elephant10-keyboard1,clock1-dog2,dot,599.4036865234375,705.228271484375,0,1
resnet50,elephant1-dog2,elephant1,dog2,elephant10-keyboard1,clock7-dog2,dot,599.4036865234375,646.4017333984375,0,1
resnet50,elephant1-dog2,elephant1,dog2,elephant10-keyboard1,knife6-dog2,dot,599.4036865234375,492.3348693847656,1,0
resnet50,elephant1-dog2,elephant1,dog2,elephant10-keyboard1,elephant6-dog2,dot,599.4036865234375,752.1236572265625,0,1
resnet50,elephant1-dog2,elephant1,dog2,elephant1-boat2,cat9-dog2,dot,618.01806640625,747.06298828125,0,1
resnet50,elephant1-dog2,elephant1,dog2,elephant1-boat2,car3-dog2,dot,618.01806640625,705.9681396484375,0,1
resnet50,elephant1-dog2,elephant1,dog2,elephant1-boat2,car1-dog2,dot,618.01806640625,656.3482666015625,0,1
resnet50,elephant1-dog2,elephant1,dog2,elephant1-boat2,boat9-dog2,dot,618.01806640625,592.010986328125,1,0
resnet50,elephant1-dog2,elephant1,dog2,elephant1-boat2,boat4-dog2,dot,618.01806640625,687.1287841796875,0,1
resnet50,elephant1-dog2,elephant1,dog2,elephant1-boat2,oven7-dog2,dot,618.01806640625,803.65087890625,0,1
resnet50,elephant1-dog2,elephant1,dog2,elephant1-boat2,chair9-dog2,dot,618.01806640625,706.7984619140625,0,1
resnet50,elephant1-dog2,elephant1,dog2,elephant1-boat2,chair3-dog2,dot,618.01806640625,648.515625,0,1
resnet50,elephant1-dog2,elephant1,dog2,elephant1-boat2,truck6-dog2,dot,618.01806640625,768.6868896484375,0,1
resnet50,elephant1-dog2,elephant1,dog2,elephant1-boat2,bird2-dog2,dot,618.01806640625,770.182373046875,0,1
resnet50,elephant1-dog2,elephant1,dog2,elephant1-boat2,bird9-dog2,dot,618.01806640625,693.252197265625,0,1
resnet50,elephant1-dog2,elephant1,dog2,elephant1-boat2,bird5-dog2,dot,618.01806640625,699.447265625,0,1
resnet50,elephant1-dog2,elephant1,dog2,elephant1-boat2,airplane4-dog2,dot,618.01806640625,735.6265869140625,0,1
resnet50,elephant1-dog2,elephant1,dog2,elephant1-boat2,bicycle5-dog2,dot,618.01806640625,698.7567138671875,0,1
resnet50,elephant1-dog2,elephant1,dog2,elephant1-boat2,bicycle6-dog2,dot,618.01806640625,611.42578125,1,0
resnet50,elephant1-dog2,elephant1,dog2,elephant1-boat2,bottle1-dog2,dot,618.01806640625,694.4677734375,0,1
resnet50,elephant1-dog2,elephant1,dog2,elephant1-boat2,bottle8-dog2,dot,618.01806640625,657.6202392578125,0,1
resnet50,elephant1-dog2,elephant1,dog2,elephant1-boat2,bottle4-dog2,dot,618.01806640625,609.8226318359375,1,0
resnet50,elephant1-dog2,elephant1,dog2,elephant1-boat2,keyboard6-dog2,dot,618.01806640625,589.3507080078125,1,0
resnet50,elephant1-dog2,elephant1,dog2,elephant1-boat2,clock3-dog2,dot,618.01806640625,574.0628051757812,1,0
resnet50,elephant1-dog2,elephant1,dog2,elephant1-boat2,clock1-dog2,dot,618.01806640625,705.228271484375,0,1
resnet50,elephant1-dog2,elephant1,dog2,elephant1-boat2,clock7-dog2,dot,618.01806640625,646.4017333984375,0,1
resnet50,elephant1-dog2,elephant1,dog2,elephant1-boat2,knife6-dog2,dot,618.01806640625,492.3348693847656,1,0
resnet50,elephant1-dog2,elephant1,dog2,elephant1-boat2,elephant6-dog2,dot,618.01806640625,752.1236572265625,0,1
resnet50,elephant1-dog2,elephant1,dog2,elephant1-bear2,cat9-dog2,dot,752.065673828125,747.06298828125,1,0
resnet50,elephant1-dog2,elephant1,dog2,elephant1-bear2,car3-dog2,dot,752.065673828125,705.9681396484375,1,0
resnet50,elephant1-dog2,elephant1,dog2,elephant1-bear2,car1-dog2,dot,752.065673828125,656.3482666015625,1,0
resnet50,elephant1-dog2,elephant1,dog2,elephant1-bear2,boat9-dog2,dot,752.065673828125,592.010986328125,1,0
resnet50,elephant1-dog2,elephant1,dog2,elephant1-bear2,boat4-dog2,dot,752.065673828125,687.1287841796875,1,0
resnet50,elephant1-dog2,elephant1,dog2,elephant1-bear2,oven7-dog2,dot,752.065673828125,803.65087890625,0,1
resnet50,elephant1-dog2,elephant1,dog2,elephant1-bear2,chair9-dog2,dot,752.065673828125,706.7984619140625,1,0
resnet50,elephant1-dog2,elephant1,dog2,elephant1-bear2,chair3-dog2,dot,752.065673828125,648.515625,1,0
resnet50,elephant1-dog2,elephant1,dog2,elephant1-bear2,truck6-dog2,dot,752.065673828125,768.6868896484375,0,1
resnet50,elephant1-dog2,elephant1,dog2,elephant1-bear2,bird2-dog2,dot,752.065673828125,770.182373046875,0,1
resnet50,elephant1-dog2,elephant1,dog2,elephant1-bear2,bird9-dog2,dot,752.065673828125,693.252197265625,1,0
resnet50,elephant1-dog2,elephant1,dog2,elephant1-bear2,bird5-dog2,dot,752.065673828125,699.447265625,1,0
resnet50,elephant1-dog2,elephant1,dog2,elephant1-bear2,airplane4-dog2,dot,752.065673828125,735.6265869140625,1,0
resnet50,elephant1-dog2,elephant1,dog2,elephant1-bear2,bicycle5-dog2,dot,752.065673828125,698.7567138671875,1,0
resnet50,elephant1-dog2,elephant1,dog2,elephant1-bear2,bicycle6-dog2,dot,752.065673828125,611.42578125,1,0
resnet50,elephant1-dog2,elephant1,dog2,elephant1-bear2,bottle1-dog2,dot,752.065673828125,694.4677734375,1,0
resnet50,elephant1-dog2,elephant1,dog2,elephant1-bear2,bottle8-dog2,dot,752.065673828125,657.6202392578125,1,0
resnet50,elephant1-dog2,elephant1,dog2,elephant1-bear2,bottle4-dog2,dot,752.065673828125,609.8226318359375,1,0
resnet50,elephant1-dog2,elephant1,dog2,elephant1-bear2,keyboard6-dog2,dot,752.065673828125,589.3507080078125,1,0
resnet50,elephant1-dog2,elephant1,dog2,elephant1-bear2,clock3-dog2,dot,752.065673828125,574.0628051757812,1,0
resnet50,elephant1-dog2,elephant1,dog2,elephant1-bear2,clock1-dog2,dot,752.065673828125,705.228271484375,1,0
resnet50,elephant1-dog2,elephant1,dog2,elephant1-bear2,clock7-dog2,dot,752.065673828125,646.4017333984375,1,0
resnet50,elephant1-dog2,elephant1,dog2,elephant1-bear2,knife6-dog2,dot,752.065673828125,492.3348693847656,1,0
resnet50,elephant1-dog2,elephant1,dog2,elephant1-bear2,elephant6-dog2,dot,752.065673828125,752.1236572265625,0,1
resnet50,elephant1-dog2,elephant1,dog2,elephant1-car3,cat9-dog2,dot,630.0628662109375,747.06298828125,0,1
resnet50,elephant1-dog2,elephant1,dog2,elephant1-car3,car3-dog2,dot,630.0628662109375,705.9681396484375,0,1
resnet50,elephant1-dog2,elephant1,dog2,elephant1-car3,car1-dog2,dot,630.0628662109375,656.3482666015625,0,1
resnet50,elephant1-dog2,elephant1,dog2,elephant1-car3,boat9-dog2,dot,630.0628662109375,592.010986328125,1,0
resnet50,elephant1-dog2,elephant1,dog2,elephant1-car3,boat4-dog2,dot,630.0628662109375,687.1287841796875,0,1
resnet50,elephant1-dog2,elephant1,dog2,elephant1-car3,oven7-dog2,dot,630.0628662109375,803.65087890625,0,1
resnet50,elephant1-dog2,elephant1,dog2,elephant1-car3,chair9-dog2,dot,630.0628662109375,706.7984619140625,0,1
resnet50,elephant1-dog2,elephant1,dog2,elephant1-car3,chair3-dog2,dot,630.0628662109375,648.515625,0,1
resnet50,elephant1-dog2,elephant1,dog2,elephant1-car3,truck6-dog2,dot,630.0628662109375,768.6868896484375,0,1
resnet50,elephant1-dog2,elephant1,dog2,elephant1-car3,bird2-dog2,dot,630.0628662109375,770.182373046875,0,1
resnet50,elephant1-dog2,elephant1,dog2,elephant1-car3,bird9-dog2,dot,630.0628662109375,693.252197265625,0,1
resnet50,elephant1-dog2,elephant1,dog2,elephant1-car3,bird5-dog2,dot,630.0628662109375,699.447265625,0,1
resnet50,elephant1-dog2,elephant1,dog2,elephant1-car3,airplane4-dog2,dot,630.0628662109375,735.6265869140625,0,1
resnet50,elephant1-dog2,elephant1,dog2,elephant1-car3,bicycle5-dog2,dot,630.0628662109375,698.7567138671875,0,1
resnet50,elephant1-dog2,elephant1,dog2,elephant1-car3,bicycle6-dog2,dot,630.0628662109375,611.42578125,1,0
resnet50,elephant1-dog2,elephant1,dog2,elephant1-car3,bottle1-dog2,dot,630.0628662109375,694.4677734375,0,1
resnet50,elephant1-dog2,elephant1,dog2,elephant1-car3,bottle8-dog2,dot,630.0628662109375,657.6202392578125,0,1
resnet50,elephant1-dog2,elephant1,dog2,elephant1-car3,bottle4-dog2,dot,630.0628662109375,609.8226318359375,1,0
resnet50,elephant1-dog2,elephant1,dog2,elephant1-car3,keyboard6-dog2,dot,630.0628662109375,589.3507080078125,1,0
resnet50,elephant1-dog2,elephant1,dog2,elephant1-car3,clock3-dog2,dot,630.0628662109375,574.0628051757812,1,0
resnet50,elephant1-dog2,elephant1,dog2,elephant1-car3,clock1-dog2,dot,630.0628662109375,705.228271484375,0,1
resnet50,elephant1-dog2,elephant1,dog2,elephant1-car3,clock7-dog2,dot,630.0628662109375,646.4017333984375,0,1
resnet50,elephant1-dog2,elephant1,dog2,elephant1-car3,knife6-dog2,dot,630.0628662109375,492.3348693847656,1,0
resnet50,elephant1-dog2,elephant1,dog2,elephant1-car3,elephant6-dog2,dot,630.0628662109375,752.1236572265625,0,1
resnet50,elephant1-dog2,elephant1,dog2,elephant1-bottle1,cat9-dog2,dot,700.8101806640625,747.06298828125,0,1
resnet50,elephant1-dog2,elephant1,dog2,elephant1-bottle1,car3-dog2,dot,700.8101806640625,705.9681396484375,0,1
resnet50,elephant1-dog2,elephant1,dog2,elephant1-bottle1,car1-dog2,dot,700.8101806640625,656.3482666015625,1,0
resnet50,elephant1-dog2,elephant1,dog2,elephant1-bottle1,boat9-dog2,dot,700.8101806640625,592.010986328125,1,0
resnet50,elephant1-dog2,elephant1,dog2,elephant1-bottle1,boat4-dog2,dot,700.8101806640625,687.1287841796875,1,0
resnet50,elephant1-dog2,elephant1,dog2,elephant1-bottle1,oven7-dog2,dot,700.8101806640625,803.65087890625,0,1
resnet50,elephant1-dog2,elephant1,dog2,elephant1-bottle1,chair9-dog2,dot,700.8101806640625,706.7984619140625,0,1
resnet50,elephant1-dog2,elephant1,dog2,elephant1-bottle1,chair3-dog2,dot,700.8101806640625,648.515625,1,0
resnet50,elephant1-dog2,elephant1,dog2,elephant1-bottle1,truck6-dog2,dot,700.8101806640625,768.6868896484375,0,1
resnet50,elephant1-dog2,elephant1,dog2,elephant1-bottle1,bird2-dog2,dot,700.8101806640625,770.182373046875,0,1
resnet50,elephant1-dog2,elephant1,dog2,elephant1-bottle1,bird9-dog2,dot,700.8101806640625,693.252197265625,1,0
resnet50,elephant1-dog2,elephant1,dog2,elephant1-bottle1,bird5-dog2,dot,700.8101806640625,699.447265625,1,0
resnet50,elephant1-dog2,elephant1,dog2,elephant1-bottle1,airplane4-dog2,dot,700.8101806640625,735.6265869140625,0,1
resnet50,elephant1-dog2,elephant1,dog2,elephant1-bottle1,bicycle5-dog2,dot,700.8101806640625,698.7567138671875,1,0
resnet50,elephant1-dog2,elephant1,dog2,elephant1-bottle1,bicycle6-dog2,dot,700.8101806640625,611.42578125,1,0
resnet50,elephant1-dog2,elephant1,dog2,elephant1-bottle1,bottle1-dog2,dot,700.8101806640625,694.4677734375,1,0
resnet50,elephant1-dog2,elephant1,dog2,elephant1-bottle1,bottle8-dog2,dot,700.8101806640625,657.6202392578125,1,0
resnet50,elephant1-dog2,elephant1,dog2,elephant1-bottle1,bottle4-dog2,dot,700.8101806640625,609.8226318359375,1,0
resnet50,elephant1-dog2,elephant1,dog2,elephant1-bottle1,keyboard6-dog2,dot,700.8101806640625,589.3507080078125,1,0
resnet50,elephant1-dog2,elephant1,dog2,elephant1-bottle1,clock3-dog2,dot,700.8101806640625,574.0628051757812,1,0
resnet50,elephant1-dog2,elephant1,dog2,elephant1-bottle1,clock1-dog2,dot,700.8101806640625,705.228271484375,0,1
resnet50,elephant1-dog2,elephant1,dog2,elephant1-bottle1,clock7-dog2,dot,700.8101806640625,646.4017333984375,1,0
resnet50,elephant1-dog2,elephant1,dog2,elephant1-bottle1,knife6-dog2,dot,700.8101806640625,492.3348693847656,1,0
resnet50,elephant1-dog2,elephant1,dog2,elephant1-bottle1,elephant6-dog2,dot,700.8101806640625,752.1236572265625,0,1
resnet50,elephant1-dog2,elephant1,dog2,elephant1-airplane2,cat9-dog2,dot,624.9259643554688,747.06298828125,0,1
resnet50,elephant1-dog2,elephant1,dog2,elephant1-airplane2,car3-dog2,dot,624.9259643554688,705.9681396484375,0,1
resnet50,elephant1-dog2,elephant1,dog2,elephant1-airplane2,car1-dog2,dot,624.9259643554688,656.3482666015625,0,1
resnet50,elephant1-dog2,elephant1,dog2,elephant1-airplane2,boat9-dog2,dot,624.9259643554688,592.010986328125,1,0
resnet50,elephant1-dog2,elephant1,dog2,elephant1-airplane2,boat4-dog2,dot,624.9259643554688,687.1287841796875,0,1
resnet50,elephant1-dog2,elephant1,dog2,elephant1-airplane2,oven7-dog2,dot,624.9259643554688,803.65087890625,0,1
resnet50,elephant1-dog2,elephant1,dog2,elephant1-airplane2,chair9-dog2,dot,624.9259643554688,706.7984619140625,0,1
resnet50,elephant1-dog2,elephant1,dog2,elephant1-airplane2,chair3-dog2,dot,624.9259643554688,648.515625,0,1
resnet50,elephant1-dog2,elephant1,dog2,elephant1-airplane2,truck6-dog2,dot,624.9259643554688,768.6868896484375,0,1
resnet50,elephant1-dog2,elephant1,dog2,elephant1-airplane2,bird2-dog2,dot,624.9259643554688,770.182373046875,0,1
resnet50,elephant1-dog2,elephant1,dog2,elephant1-airplane2,bird9-dog2,dot,624.9259643554688,693.252197265625,0,1
resnet50,elephant1-dog2,elephant1,dog2,elephant1-airplane2,bird5-dog2,dot,624.9259643554688,699.447265625,0,1
resnet50,elephant1-dog2,elephant1,dog2,elephant1-airplane2,airplane4-dog2,dot,624.9259643554688,735.6265869140625,0,1
resnet50,elephant1-dog2,elephant1,dog2,elephant1-airplane2,bicycle5-dog2,dot,624.9259643554688,698.7567138671875,0,1
resnet50,elephant1-dog2,elephant1,dog2,elephant1-airplane2,bicycle6-dog2,dot,624.9259643554688,611.42578125,1,0
resnet50,elephant1-dog2,elephant1,dog2,elephant1-airplane2,bottle1-dog2,dot,624.9259643554688,694.4677734375,0,1
resnet50,elephant1-dog2,elephant1,dog2,elephant1-airplane2,bottle8-dog2,dot,624.9259643554688,657.6202392578125,0,1
resnet50,elephant1-dog2,elephant1,dog2,elephant1-airplane2,bottle4-dog2,dot,624.9259643554688,609.8226318359375,1,0
resnet50,elephant1-dog2,elephant1,dog2,elephant1-airplane2,keyboard6-dog2,dot,624.9259643554688,589.3507080078125,1,0
resnet50,elephant1-dog2,elephant1,dog2,elephant1-airplane2,clock3-dog2,dot,624.9259643554688,574.0628051757812,1,0
resnet50,elephant1-dog2,elephant1,dog2,elephant1-airplane2,clock1-dog2,dot,624.9259643554688,705.228271484375,0,1
resnet50,elephant1-dog2,elephant1,dog2,elephant1-airplane2,clock7-dog2,dot,624.9259643554688,646.4017333984375,0,1
resnet50,elephant1-dog2,elephant1,dog2,elephant1-airplane2,knife6-dog2,dot,624.9259643554688,492.3348693847656,1,0
resnet50,elephant1-dog2,elephant1,dog2,elephant1-airplane2,elephant6-dog2,dot,624.9259643554688,752.1236572265625,0,1
resnet50,elephant1-dog2,elephant1,dog2,elephant10-bear1,cat9-dog2,dot,620.67236328125,747.06298828125,0,1
resnet50,elephant1-dog2,elephant1,dog2,elephant10-bear1,car3-dog2,dot,620.67236328125,705.9681396484375,0,1
resnet50,elephant1-dog2,elephant1,dog2,elephant10-bear1,car1-dog2,dot,620.67236328125,656.3482666015625,0,1
resnet50,elephant1-dog2,elephant1,dog2,elephant10-bear1,boat9-dog2,dot,620.67236328125,592.010986328125,1,0
resnet50,elephant1-dog2,elephant1,dog2,elephant10-bear1,boat4-dog2,dot,620.67236328125,687.1287841796875,0,1
resnet50,elephant1-dog2,elephant1,dog2,elephant10-bear1,oven7-dog2,dot,620.67236328125,803.65087890625,0,1
resnet50,elephant1-dog2,elephant1,dog2,elephant10-bear1,chair9-dog2,dot,620.67236328125,706.7984619140625,0,1
resnet50,elephant1-dog2,elephant1,dog2,elephant10-bear1,chair3-dog2,dot,620.67236328125,648.515625,0,1
resnet50,elephant1-dog2,elephant1,dog2,elephant10-bear1,truck6-dog2,dot,620.67236328125,768.6868896484375,0,1
resnet50,elephant1-dog2,elephant1,dog2,elephant10-bear1,bird2-dog2,dot,620.67236328125,770.182373046875,0,1
resnet50,elephant1-dog2,elephant1,dog2,elephant10-bear1,bird9-dog2,dot,620.67236328125,693.252197265625,0,1
resnet50,elephant1-dog2,elephant1,dog2,elephant10-bear1,bird5-dog2,dot,620.67236328125,699.447265625,0,1
resnet50,elephant1-dog2,elephant1,dog2,elephant10-bear1,airplane4-dog2,dot,620.67236328125,735.6265869140625,0,1
resnet50,elephant1-dog2,elephant1,dog2,elephant10-bear1,bicycle5-dog2,dot,620.67236328125,698.7567138671875,0,1
resnet50,elephant1-dog2,elephant1,dog2,elephant10-bear1,bicycle6-dog2,dot,620.67236328125,611.42578125,1,0
resnet50,elephant1-dog2,elephant1,dog2,elephant10-bear1,bottle1-dog2,dot,620.67236328125,694.4677734375,0,1
resnet50,elephant1-dog2,elephant1,dog2,elephant10-bear1,bottle8-dog2,dot,620.67236328125,657.6202392578125,0,1
resnet50,elephant1-dog2,elephant1,dog2,elephant10-bear1,bottle4-dog2,dot,620.67236328125,609.8226318359375,1,0
resnet50,elephant1-dog2,elephant1,dog2,elephant10-bear1,keyboard6-dog2,dot,620.67236328125,589.3507080078125,1,0
resnet50,elephant1-dog2,elephant1,dog2,elephant10-bear1,clock3-dog2,dot,620.67236328125,574.0628051757812,1,0
resnet50,elephant1-dog2,elephant1,dog2,elephant10-bear1,clock1-dog2,dot,620.67236328125,705.228271484375,0,1
resnet50,elephant1-dog2,elephant1,dog2,elephant10-bear1,clock7-dog2,dot,620.67236328125,646.4017333984375,0,1
resnet50,elephant1-dog2,elephant1,dog2,elephant10-bear1,knife6-dog2,dot,620.67236328125,492.3348693847656,1,0
resnet50,elephant1-dog2,elephant1,dog2,elephant10-bear1,elephant6-dog2,dot,620.67236328125,752.1236572265625,0,1
resnet50,elephant1-dog2,elephant1,dog2,elephant1-oven2,cat9-dog2,dot,606.4985961914062,747.06298828125,0,1
resnet50,elephant1-dog2,elephant1,dog2,elephant1-oven2,car3-dog2,dot,606.4985961914062,705.9681396484375,0,1
resnet50,elephant1-dog2,elephant1,dog2,elephant1-oven2,car1-dog2,dot,606.4985961914062,656.3482666015625,0,1
resnet50,elephant1-dog2,elephant1,dog2,elephant1-oven2,boat9-dog2,dot,606.4985961914062,592.010986328125,1,0
resnet50,elephant1-dog2,elephant1,dog2,elephant1-oven2,boat4-dog2,dot,606.4985961914062,687.1287841796875,0,1
resnet50,elephant1-dog2,elephant1,dog2,elephant1-oven2,oven7-dog2,dot,606.4985961914062,803.65087890625,0,1
resnet50,elephant1-dog2,elephant1,dog2,elephant1-oven2,chair9-dog2,dot,606.4985961914062,706.7984619140625,0,1
resnet50,elephant1-dog2,elephant1,dog2,elephant1-oven2,chair3-dog2,dot,606.4985961914062,648.515625,0,1
resnet50,elephant1-dog2,elephant1,dog2,elephant1-oven2,truck6-dog2,dot,606.4985961914062,768.6868896484375,0,1
resnet50,elephant1-dog2,elephant1,dog2,elephant1-oven2,bird2-dog2,dot,606.4985961914062,770.182373046875,0,1
resnet50,elephant1-dog2,elephant1,dog2,elephant1-oven2,bird9-dog2,dot,606.4985961914062,693.252197265625,0,1
resnet50,elephant1-dog2,elephant1,dog2,elephant1-oven2,bird5-dog2,dot,606.4985961914062,699.447265625,0,1
resnet50,elephant1-dog2,elephant1,dog2,elephant1-oven2,airplane4-dog2,dot,606.4985961914062,735.6265869140625,0,1
resnet50,elephant1-dog2,elephant1,dog2,elephant1-oven2,bicycle5-dog2,dot,606.4985961914062,698.7567138671875,0,1
resnet50,elephant1-dog2,elephant1,dog2,elephant1-oven2,bicycle6-dog2,dot,606.4985961914062,611.42578125,0,1
resnet50,elephant1-dog2,elephant1,dog2,elephant1-oven2,bottle1-dog2,dot,606.4985961914062,694.4677734375,0,1
resnet50,elephant1-dog2,elephant1,dog2,elephant1-oven2,bottle8-dog2,dot,606.4985961914062,657.6202392578125,0,1
resnet50,elephant1-dog2,elephant1,dog2,elephant1-oven2,bottle4-dog2,dot,606.4985961914062,609.8226318359375,0,1
resnet50,elephant1-dog2,elephant1,dog2,elephant1-oven2,keyboard6-dog2,dot,606.4985961914062,589.3507080078125,1,0
resnet50,elephant1-dog2,elephant1,dog2,elephant1-oven2,clock3-dog2,dot,606.4985961914062,574.0628051757812,1,0
resnet50,elephant1-dog2,elephant1,dog2,elephant1-oven2,clock1-dog2,dot,606.4985961914062,705.228271484375,0,1
resnet50,elephant1-dog2,elephant1,dog2,elephant1-oven2,clock7-dog2,dot,606.4985961914062,646.4017333984375,0,1
resnet50,elephant1-dog2,elephant1,dog2,elephant1-oven2,knife6-dog2,dot,606.4985961914062,492.3348693847656,1,0
resnet50,elephant1-dog2,elephant1,dog2,elephant1-oven2,elephant6-dog2,dot,606.4985961914062,752.1236572265625,0,1
resnet50,elephant1-dog2,elephant1,dog2,elephant10-knife3,cat9-dog2,cos,0.5976674556732178,0.7808082103729248,0,1
resnet50,elephant1-dog2,elephant1,dog2,elephant10-knife3,car3-dog2,cos,0.5976674556732178,0.778371274471283,0,1
resnet50,elephant1-dog2,elephant1,dog2,elephant10-knife3,car1-dog2,cos,0.5976674556732178,0.7538216710090637,0,1
resnet50,elephant1-dog2,elephant1,dog2,elephant10-knife3,boat9-dog2,cos,0.5976674556732178,0.6630805134773254,0,1
resnet50,elephant1-dog2,elephant1,dog2,elephant10-knife3,boat4-dog2,cos,0.5976674556732178,0.7452964782714844,0,1
resnet50,elephant1-dog2,elephant1,dog2,elephant10-knife3,oven7-dog2,cos,0.5976674556732178,0.7839288115501404,0,1
resnet50,elephant1-dog2,elephant1,dog2,elephant10-knife3,chair9-dog2,cos,0.5976674556732178,0.725537121295929,0,1
resnet50,elephant1-dog2,elephant1,dog2,elephant10-knife3,chair3-dog2,cos,0.5976674556732178,0.675410270690918,0,1
resnet50,elephant1-dog2,elephant1,dog2,elephant10-knife3,truck6-dog2,cos,0.5976674556732178,0.7713959217071533,0,1
resnet50,elephant1-dog2,elephant1,dog2,elephant10-knife3,bird2-dog2,cos,0.5976674556732178,0.8003703355789185,0,1
resnet50,elephant1-dog2,elephant1,dog2,elephant10-knife3,bird9-dog2,cos,0.5976674556732178,0.7091506719589233,0,1
resnet50,elephant1-dog2,elephant1,dog2,elephant10-knife3,bird5-dog2,cos,0.5976674556732178,0.7508066296577454,0,1
resnet50,elephant1-dog2,elephant1,dog2,elephant10-knife3,airplane4-dog2,cos,0.5976674556732178,0.7522950768470764,0,1
resnet50,elephant1-dog2,elephant1,dog2,elephant10-knife3,bicycle5-dog2,cos,0.5976674556732178,0.594741702079773,1,0
resnet50,elephant1-dog2,elephant1,dog2,elephant10-knife3,bicycle6-dog2,cos,0.5976674556732178,0.6655636429786682,0,1
resnet50,elephant1-dog2,elephant1,dog2,elephant10-knife3,bottle1-dog2,cos,0.5976674556732178,0.6917985081672668,0,1
resnet50,elephant1-dog2,elephant1,dog2,elephant10-knife3,bottle8-dog2,cos,0.5976674556732178,0.6611338257789612,0,1
resnet50,elephant1-dog2,elephant1,dog2,elephant10-knife3,bottle4-dog2,cos,0.5976674556732178,0.6837967038154602,0,1
resnet50,elephant1-dog2,elephant1,dog2,elephant10-knife3,keyboard6-dog2,cos,0.5976674556732178,0.7363489866256714,0,1
resnet50,elephant1-dog2,elephant1,dog2,elephant10-knife3,clock3-dog2,cos,0.5976674556732178,0.6663417220115662,0,1
resnet50,elephant1-dog2,elephant1,dog2,elephant10-knife3,clock1-dog2,cos,0.5976674556732178,0.7521843910217285,0,1
resnet50,elephant1-dog2,elephant1,dog2,elephant10-knife3,clock7-dog2,cos,0.5976674556732178,0.6503066420555115,0,1
resnet50,elephant1-dog2,elephant1,dog2,elephant10-knife3,knife6-dog2,cos,0.5976674556732178,0.5908169150352478,1,0
resnet50,elephant1-dog2,elephant1,dog2,elephant10-knife3,elephant6-dog2,cos,0.5976674556732178,0.8305801749229431,0,1
resnet50,elephant1-dog2,elephant1,dog2,elephant1-keyboard3,cat9-dog2,cos,0.7092535495758057,0.7808082103729248,0,1
resnet50,elephant1-dog2,elephant1,dog2,elephant1-keyboard3,car3-dog2,cos,0.7092535495758057,0.778371274471283,0,1
resnet50,elephant1-dog2,elephant1,dog2,elephant1-keyboard3,car1-dog2,cos,0.7092535495758057,0.7538216710090637,0,1
resnet50,elephant1-dog2,elephant1,dog2,elephant1-keyboard3,boat9-dog2,cos,0.7092535495758057,0.6630805134773254,1,0
resnet50,elephant1-dog2,elephant1,dog2,elephant1-keyboard3,boat4-dog2,cos,0.7092535495758057,0.7452964782714844,0,1
resnet50,elephant1-dog2,elephant1,dog2,elephant1-keyboard3,oven7-dog2,cos,0.7092535495758057,0.7839288115501404,0,1
resnet50,elephant1-dog2,elephant1,dog2,elephant1-keyboard3,chair9-dog2,cos,0.7092535495758057,0.725537121295929,0,1
resnet50,elephant1-dog2,elephant1,dog2,elephant1-keyboard3,chair3-dog2,cos,0.7092535495758057,0.675410270690918,1,0
resnet50,elephant1-dog2,elephant1,dog2,elephant1-keyboard3,truck6-dog2,cos,0.7092535495758057,0.7713959217071533,0,1
resnet50,elephant1-dog2,elephant1,dog2,elephant1-keyboard3,bird2-dog2,cos,0.7092535495758057,0.8003703355789185,0,1
resnet50,elephant1-dog2,elephant1,dog2,elephant1-keyboard3,bird9-dog2,cos,0.7092535495758057,0.7091506719589233,1,0
resnet50,elephant1-dog2,elephant1,dog2,elephant1-keyboard3,bird5-dog2,cos,0.7092535495758057,0.7508066296577454,0,1
resnet50,elephant1-dog2,elephant1,dog2,elephant1-keyboard3,airplane4-dog2,cos,0.7092535495758057,0.7522950768470764,0,1
resnet50,elephant1-dog2,elephant1,dog2,elephant1-keyboard3,bicycle5-dog2,cos,0.7092535495758057,0.594741702079773,1,0
resnet50,elephant1-dog2,elephant1,dog2,elephant1-keyboard3,bicycle6-dog2,cos,0.7092535495758057,0.6655636429786682,1,0
resnet50,elephant1-dog2,elephant1,dog2,elephant1-keyboard3,bottle1-dog2,cos,0.7092535495758057,0.6917985081672668,1,0
resnet50,elephant1-dog2,elephant1,dog2,elephant1-keyboard3,bottle8-dog2,cos,0.7092535495758057,0.6611338257789612,1,0
resnet50,elephant1-dog2,elephant1,dog2,elephant1-keyboard3,bottle4-dog2,cos,0.7092535495758057,0.6837967038154602,1,0
resnet50,elephant1-dog2,elephant1,dog2,elephant1-keyboard3,keyboard6-dog2,cos,0.7092535495758057,0.7363489866256714,0,1
resnet50,elephant1-dog2,elephant1,dog2,elephant1-keyboard3,clock3-dog2,cos,0.7092535495758057,0.6663417220115662,1,0
resnet50,elephant1-dog2,elephant1,dog2,elephant1-keyboard3,clock1-dog2,cos,0.7092535495758057,0.7521843910217285,0,1
resnet50,elephant1-dog2,elephant1,dog2,elephant1-keyboard3,clock7-dog2,cos,0.7092535495758057,0.6503066420555115,1,0
resnet50,elephant1-dog2,elephant1,dog2,elephant1-keyboard3,knife6-dog2,cos,0.7092535495758057,0.5908169150352478,1,0
resnet50,elephant1-dog2,elephant1,dog2,elephant1-keyboard3,elephant6-dog2,cos,0.7092535495758057,0.8305801749229431,0,1
resnet50,elephant1-dog2,elephant1,dog2,elephant1-chair1,cat9-dog2,cos,0.6531597971916199,0.7808082103729248,0,1
resnet50,elephant1-dog2,elephant1,dog2,elephant1-chair1,car3-dog2,cos,0.6531597971916199,0.778371274471283,0,1
resnet50,elephant1-dog2,elephant1,dog2,elephant1-chair1,car1-dog2,cos,0.6531597971916199,0.7538216710090637,0,1
resnet50,elephant1-dog2,elephant1,dog2,elephant1-chair1,boat9-dog2,cos,0.6531597971916199,0.6630805134773254,0,1
resnet50,elephant1-dog2,elephant1,dog2,elephant1-chair1,boat4-dog2,cos,0.6531597971916199,0.7452964782714844,0,1
resnet50,elephant1-dog2,elephant1,dog2,elephant1-chair1,oven7-dog2,cos,0.6531597971916199,0.7839288115501404,0,1
resnet50,elephant1-dog2,elephant1,dog2,elephant1-chair1,chair9-dog2,cos,0.6531597971916199,0.725537121295929,0,1
resnet50,elephant1-dog2,elephant1,dog2,elephant1-chair1,chair3-dog2,cos,0.6531597971916199,0.675410270690918,0,1
resnet50,elephant1-dog2,elephant1,dog2,elephant1-chair1,truck6-dog2,cos,0.6531597971916199,0.7713959217071533,0,1
resnet50,elephant1-dog2,elephant1,dog2,elephant1-chair1,bird2-dog2,cos,0.6531597971916199,0.8003703355789185,0,1
resnet50,elephant1-dog2,elephant1,dog2,elephant1-chair1,bird9-dog2,cos,0.6531597971916199,0.7091506719589233,0,1
resnet50,elephant1-dog2,elephant1,dog2,elephant1-chair1,bird5-dog2,cos,0.6531597971916199,0.7508066296577454,0,1
resnet50,elephant1-dog2,elephant1,dog2,elephant1-chair1,airplane4-dog2,cos,0.6531597971916199,0.7522950768470764,0,1
resnet50,elephant1-dog2,elephant1,dog2,elephant1-chair1,bicycle5-dog2,cos,0.6531597971916199,0.594741702079773,1,0
resnet50,elephant1-dog2,elephant1,dog2,elephant1-chair1,bicycle6-dog2,cos,0.6531597971916199,0.6655636429786682,0,1
resnet50,elephant1-dog2,elephant1,dog2,elephant1-chair1,bottle1-dog2,cos,0.6531597971916199,0.6917985081672668,0,1
resnet50,elephant1-dog2,elephant1,dog2,elephant1-chair1,bottle8-dog2,cos,0.6531597971916199,0.6611338257789612,0,1
resnet50,elephant1-dog2,elephant1,dog2,elephant1-chair1,bottle4-dog2,cos,0.6531597971916199,0.6837967038154602,0,1
resnet50,elephant1-dog2,elephant1,dog2,elephant1-chair1,keyboard6-dog2,cos,0.6531597971916199,0.7363489866256714,0,1
resnet50,elephant1-dog2,elephant1,dog2,elephant1-chair1,clock3-dog2,cos,0.6531597971916199,0.6663417220115662,0,1
resnet50,elephant1-dog2,elephant1,dog2,elephant1-chair1,clock1-dog2,cos,0.6531597971916199,0.7521843910217285,0,1
resnet50,elephant1-dog2,elephant1,dog2,elephant1-chair1,clock7-dog2,cos,0.6531597971916199,0.6503066420555115,1,0
resnet50,elephant1-dog2,elephant1,dog2,elephant1-chair1,knife6-dog2,cos,0.6531597971916199,0.5908169150352478,1,0
resnet50,elephant1-dog2,elephant1,dog2,elephant1-chair1,elephant6-dog2,cos,0.6531597971916199,0.8305801749229431,0,1
resnet50,elephant1-dog2,elephant1,dog2,elephant10-keyboard1,cat9-dog2,cos,0.5823495388031006,0.7808082103729248,0,1
resnet50,elephant1-dog2,elephant1,dog2,elephant10-keyboard1,car3-dog2,cos,0.5823495388031006,0.778371274471283,0,1
resnet50,elephant1-dog2,elephant1,dog2,elephant10-keyboard1,car1-dog2,cos,0.5823495388031006,0.7538216710090637,0,1
resnet50,elephant1-dog2,elephant1,dog2,elephant10-keyboard1,boat9-dog2,cos,0.5823495388031006,0.6630805134773254,0,1
resnet50,elephant1-dog2,elephant1,dog2,elephant10-keyboard1,boat4-dog2,cos,0.5823495388031006,0.7452964782714844,0,1
resnet50,elephant1-dog2,elephant1,dog2,elephant10-keyboard1,oven7-dog2,cos,0.5823495388031006,0.7839288115501404,0,1
resnet50,elephant1-dog2,elephant1,dog2,elephant10-keyboard1,chair9-dog2,cos,0.5823495388031006,0.725537121295929,0,1
resnet50,elephant1-dog2,elephant1,dog2,elephant10-keyboard1,chair3-dog2,cos,0.5823495388031006,0.675410270690918,0,1
resnet50,elephant1-dog2,elephant1,dog2,elephant10-keyboard1,truck6-dog2,cos,0.5823495388031006,0.7713959217071533,0,1
resnet50,elephant1-dog2,elephant1,dog2,elephant10-keyboard1,bird2-dog2,cos,0.5823495388031006,0.8003703355789185,0,1
resnet50,elephant1-dog2,elephant1,dog2,elephant10-keyboard1,bird9-dog2,cos,0.5823495388031006,0.7091506719589233,0,1
resnet50,elephant1-dog2,elephant1,dog2,elephant10-keyboard1,bird5-dog2,cos,0.5823495388031006,0.7508066296577454,0,1
resnet50,elephant1-dog2,elephant1,dog2,elephant10-keyboard1,airplane4-dog2,cos,0.5823495388031006,0.7522950768470764,0,1
resnet50,elephant1-dog2,elephant1,dog2,elephant10-keyboard1,bicycle5-dog2,cos,0.5823495388031006,0.594741702079773,0,1
resnet50,elephant1-dog2,elephant1,dog2,elephant10-keyboard1,bicycle6-dog2,cos,0.5823495388031006,0.6655636429786682,0,1
resnet50,elephant1-dog2,elephant1,dog2,elephant10-keyboard1,bottle1-dog2,cos,0.5823495388031006,0.6917985081672668,0,1
resnet50,elephant1-dog2,elephant1,dog2,elephant10-keyboard1,bottle8-dog2,cos,0.5823495388031006,0.6611338257789612,0,1
resnet50,elephant1-dog2,elephant1,dog2,elephant10-keyboard1,bottle4-dog2,cos,0.5823495388031006,0.6837967038154602,0,1
resnet50,elephant1-dog2,elephant1,dog2,elephant10-keyboard1,keyboard6-dog2,cos,0.5823495388031006,0.7363489866256714,0,1
resnet50,elephant1-dog2,elephant1,dog2,elephant10-keyboard1,clock3-dog2,cos,0.5823495388031006,0.6663417220115662,0,1
resnet50,elephant1-dog2,elephant1,dog2,elephant10-keyboard1,clock1-dog2,cos,0.5823495388031006,0.7521843910217285,0,1
resnet50,elephant1-dog2,elephant1,dog2,elephant10-keyboard1,clock7-dog2,cos,0.5823495388031006,0.6503066420555115,0,1
resnet50,elephant1-dog2,elephant1,dog2,elephant10-keyboard1,knife6-dog2,cos,0.5823495388031006,0.5908169150352478,0,1
resnet50,elephant1-dog2,elephant1,dog2,elephant10-keyboard1,elephant6-dog2,cos,0.5823495388031006,0.8305801749229431,0,1
resnet50,elephant1-dog2,elephant1,dog2,elephant1-boat2,cat9-dog2,cos,0.7114213109016418,0.7808082103729248,0,1
resnet50,elephant1-dog2,elephant1,dog2,elephant1-boat2,car3-dog2,cos,0.7114213109016418,0.778371274471283,0,1
resnet50,elephant1-dog2,elephant1,dog2,elephant1-boat2,car1-dog2,cos,0.7114213109016418,0.7538216710090637,0,1
resnet50,elephant1-dog2,elephant1,dog2,elephant1-boat2,boat9-dog2,cos,0.7114213109016418,0.6630805134773254,1,0
resnet50,elephant1-dog2,elephant1,dog2,elephant1-boat2,boat4-dog2,cos,0.7114213109016418,0.7452964782714844,0,1
resnet50,elephant1-dog2,elephant1,dog2,elephant1-boat2,oven7-dog2,cos,0.7114213109016418,0.7839288115501404,0,1
resnet50,elephant1-dog2,elephant1,dog2,elephant1-boat2,chair9-dog2,cos,0.7114213109016418,0.725537121295929,0,1
resnet50,elephant1-dog2,elephant1,dog2,elephant1-boat2,chair3-dog2,cos,0.7114213109016418,0.675410270690918,1,0
resnet50,elephant1-dog2,elephant1,dog2,elephant1-boat2,truck6-dog2,cos,0.7114213109016418,0.7713959217071533,0,1
resnet50,elephant1-dog2,elephant1,dog2,elephant1-boat2,bird2-dog2,cos,0.7114213109016418,0.8003703355789185,0,1
resnet50,elephant1-dog2,elephant1,dog2,elephant1-boat2,bird9-dog2,cos,0.7114213109016418,0.7091506719589233,1,0
resnet50,elephant1-dog2,elephant1,dog2,elephant1-boat2,bird5-dog2,cos,0.7114213109016418,0.7508066296577454,0,1
resnet50,elephant1-dog2,elephant1,dog2,elephant1-boat2,airplane4-dog2,cos,0.7114213109016418,0.7522950768470764,0,1
resnet50,elephant1-dog2,elephant1,dog2,elephant1-boat2,bicycle5-dog2,cos,0.7114213109016418,0.594741702079773,1,0
resnet50,elephant1-dog2,elephant1,dog2,elephant1-boat2,bicycle6-dog2,cos,0.7114213109016418,0.6655636429786682,1,0
resnet50,elephant1-dog2,elephant1,dog2,elephant1-boat2,bottle1-dog2,cos,0.7114213109016418,0.6917985081672668,1,0
resnet50,elephant1-dog2,elephant1,dog2,elephant1-boat2,bottle8-dog2,cos,0.7114213109016418,0.6611338257789612,1,0
resnet50,elephant1-dog2,elephant1,dog2,elephant1-boat2,bottle4-dog2,cos,0.7114213109016418,0.6837967038154602,1,0
resnet50,elephant1-dog2,elephant1,dog2,elephant1-boat2,keyboard6-dog2,cos,0.7114213109016418,0.7363489866256714,0,1
resnet50,elephant1-dog2,elephant1,dog2,elephant1-boat2,clock3-dog2,cos,0.7114213109016418,0.6663417220115662,1,0
resnet50,elephant1-dog2,elephant1,dog2,elephant1-boat2,clock1-dog2,cos,0.7114213109016418,0.7521843910217285,0,1
resnet50,elephant1-dog2,elephant1,dog2,elephant1-boat2,clock7-dog2,cos,0.7114213109016418,0.6503066420555115,1,0
resnet50,elephant1-dog2,elephant1,dog2,elephant1-boat2,knife6-dog2,cos,0.7114213109016418,0.5908169150352478,1,0
resnet50,elephant1-dog2,elephant1,dog2,elephant1-boat2,elephant6-dog2,cos,0.7114213109016418,0.8305801749229431,0,1
resnet50,elephant1-dog2,elephant1,dog2,elephant1-bear2,cat9-dog2,cos,0.8409053683280945,0.7808082103729248,1,0
resnet50,elephant1-dog2,elephant1,dog2,elephant1-bear2,car3-dog2,cos,0.8409053683280945,0.778371274471283,1,0
resnet50,elephant1-dog2,elephant1,dog2,elephant1-bear2,car1-dog2,cos,0.8409053683280945,0.7538216710090637,1,0
resnet50,elephant1-dog2,elephant1,dog2,elephant1-bear2,boat9-dog2,cos,0.8409053683280945,0.6630805134773254,1,0
resnet50,elephant1-dog2,elephant1,dog2,elephant1-bear2,boat4-dog2,cos,0.8409053683280945,0.7452964782714844,1,0
resnet50,elephant1-dog2,elephant1,dog2,elephant1-bear2,oven7-dog2,cos,0.8409053683280945,0.7839288115501404,1,0
resnet50,elephant1-dog2,elephant1,dog2,elephant1-bear2,chair9-dog2,cos,0.8409053683280945,0.725537121295929,1,0
resnet50,elephant1-dog2,elephant1,dog2,elephant1-bear2,chair3-dog2,cos,0.8409053683280945,0.675410270690918,1,0
resnet50,elephant1-dog2,elephant1,dog2,elephant1-bear2,truck6-dog2,cos,0.8409053683280945,0.7713959217071533,1,0
resnet50,elephant1-dog2,elephant1,dog2,elephant1-bear2,bird2-dog2,cos,0.8409053683280945,0.8003703355789185,1,0
resnet50,elephant1-dog2,elephant1,dog2,elephant1-bear2,bird9-dog2,cos,0.8409053683280945,0.7091506719589233,1,0
resnet50,elephant1-dog2,elephant1,dog2,elephant1-bear2,bird5-dog2,cos,0.8409053683280945,0.7508066296577454,1,0
resnet50,elephant1-dog2,elephant1,dog2,elephant1-bear2,airplane4-dog2,cos,0.8409053683280945,0.7522950768470764,1,0
resnet50,elephant1-dog2,elephant1,dog2,elephant1-bear2,bicycle5-dog2,cos,0.8409053683280945,0.594741702079773,1,0
resnet50,elephant1-dog2,elephant1,dog2,elephant1-bear2,bicycle6-dog2,cos,0.8409053683280945,0.6655636429786682,1,0
resnet50,elephant1-dog2,elephant1,dog2,elephant1-bear2,bottle1-dog2,cos,0.8409053683280945,0.6917985081672668,1,0
resnet50,elephant1-dog2,elephant1,dog2,elephant1-bear2,bottle8-dog2,cos,0.8409053683280945,0.6611338257789612,1,0
resnet50,elephant1-dog2,elephant1,dog2,elephant1-bear2,bottle4-dog2,cos,0.8409053683280945,0.6837967038154602,1,0
resnet50,elephant1-dog2,elephant1,dog2,elephant1-bear2,keyboard6-dog2,cos,0.8409053683280945,0.7363489866256714,1,0
resnet50,elephant1-dog2,elephant1,dog2,elephant1-bear2,clock3-dog2,cos,0.8409053683280945,0.6663417220115662,1,0
resnet50,elephant1-dog2,elephant1,dog2,elephant1-bear2,clock1-dog2,cos,0.8409053683280945,0.7521843910217285,1,0
resnet50,elephant1-dog2,elephant1,dog2,elephant1-bear2,clock7-dog2,cos,0.8409053683280945,0.6503066420555115,1,0
resnet50,elephant1-dog2,elephant1,dog2,elephant1-bear2,knife6-dog2,cos,0.8409053683280945,0.5908169150352478,1,0
resnet50,elephant1-dog2,elephant1,dog2,elephant1-bear2,elephant6-dog2,cos,0.8409053683280945,0.8305801749229431,1,0
resnet50,elephant1-dog2,elephant1,dog2,elephant1-car3,cat9-dog2,cos,0.691705048084259,0.7808082103729248,0,1
resnet50,elephant1-dog2,elephant1,dog2,elephant1-car3,car3-dog2,cos,0.691705048084259,0.778371274471283,0,1
resnet50,elephant1-dog2,elephant1,dog2,elephant1-car3,car1-dog2,cos,0.691705048084259,0.7538216710090637,0,1
resnet50,elephant1-dog2,elephant1,dog2,elephant1-car3,boat9-dog2,cos,0.691705048084259,0.6630805134773254,1,0
resnet50,elephant1-dog2,elephant1,dog2,elephant1-car3,boat4-dog2,cos,0.691705048084259,0.7452964782714844,0,1
resnet50,elephant1-dog2,elephant1,dog2,elephant1-car3,oven7-dog2,cos,0.691705048084259,0.7839288115501404,0,1
resnet50,elephant1-dog2,elephant1,dog2,elephant1-car3,chair9-dog2,cos,0.691705048084259,0.725537121295929,0,1
resnet50,elephant1-dog2,elephant1,dog2,elephant1-car3,chair3-dog2,cos,0.691705048084259,0.675410270690918,1,0
resnet50,elephant1-dog2,elephant1,dog2,elephant1-car3,truck6-dog2,cos,0.691705048084259,0.7713959217071533,0,1
resnet50,elephant1-dog2,elephant1,dog2,elephant1-car3,bird2-dog2,cos,0.691705048084259,0.8003703355789185,0,1
resnet50,elephant1-dog2,elephant1,dog2,elephant1-car3,bird9-dog2,cos,0.691705048084259,0.7091506719589233,0,1
resnet50,elephant1-dog2,elephant1,dog2,elephant1-car3,bird5-dog2,cos,0.691705048084259,0.7508066296577454,0,1
resnet50,elephant1-dog2,elephant1,dog2,elephant1-car3,airplane4-dog2,cos,0.691705048084259,0.7522950768470764,0,1
resnet50,elephant1-dog2,elephant1,dog2,elephant1-car3,bicycle5-dog2,cos,0.691705048084259,0.594741702079773,1,0
resnet50,elephant1-dog2,elephant1,dog2,elephant1-car3,bicycle6-dog2,cos,0.691705048084259,0.6655636429786682,1,0
resnet50,elephant1-dog2,elephant1,dog2,elephant1-car3,bottle1-dog2,cos,0.691705048084259,0.6917985081672668,0,1
resnet50,elephant1-dog2,elephant1,dog2,elephant1-car3,bottle8-dog2,cos,0.691705048084259,0.6611338257789612,1,0
resnet50,elephant1-dog2,elephant1,dog2,elephant1-car3,bottle4-dog2,cos,0.691705048084259,0.6837967038154602,1,0
resnet50,elephant1-dog2,elephant1,dog2,elephant1-car3,keyboard6-dog2,cos,0.691705048084259,0.7363489866256714,0,1
resnet50,elephant1-dog2,elephant1,dog2,elephant1-car3,clock3-dog2,cos,0.691705048084259,0.6663417220115662,1,0
resnet50,elephant1-dog2,elephant1,dog2,elephant1-car3,clock1-dog2,cos,0.691705048084259,0.7521843910217285,0,1
resnet50,elephant1-dog2,elephant1,dog2,elephant1-car3,clock7-dog2,cos,0.691705048084259,0.6503066420555115,1,0
resnet50,elephant1-dog2,elephant1,dog2,elephant1-car3,knife6-dog2,cos,0.691705048084259,0.5908169150352478,1,0
resnet50,elephant1-dog2,elephant1,dog2,elephant1-car3,elephant6-dog2,cos,0.691705048084259,0.8305801749229431,0,1
resnet50,elephant1-dog2,elephant1,dog2,elephant1-bottle1,cat9-dog2,cos,0.708331823348999,0.7808082103729248,0,1
resnet50,elephant1-dog2,elephant1,dog2,elephant1-bottle1,car3-dog2,cos,0.708331823348999,0.778371274471283,0,1
resnet50,elephant1-dog2,elephant1,dog2,elephant1-bottle1,car1-dog2,cos,0.708331823348999,0.7538216710090637,0,1
resnet50,elephant1-dog2,elephant1,dog2,elephant1-bottle1,boat9-dog2,cos,0.708331823348999,0.6630805134773254,1,0
resnet50,elephant1-dog2,elephant1,dog2,elephant1-bottle1,boat4-dog2,cos,0.708331823348999,0.7452964782714844,0,1
resnet50,elephant1-dog2,elephant1,dog2,elephant1-bottle1,oven7-dog2,cos,0.708331823348999,0.7839288115501404,0,1
resnet50,elephant1-dog2,elephant1,dog2,elephant1-bottle1,chair9-dog2,cos,0.708331823348999,0.725537121295929,0,1
resnet50,elephant1-dog2,elephant1,dog2,elephant1-bottle1,chair3-dog2,cos,0.708331823348999,0.675410270690918,1,0
resnet50,elephant1-dog2,elephant1,dog2,elephant1-bottle1,truck6-dog2,cos,0.708331823348999,0.7713959217071533,0,1
resnet50,elephant1-dog2,elephant1,dog2,elephant1-bottle1,bird2-dog2,cos,0.708331823348999,0.8003703355789185,0,1
resnet50,elephant1-dog2,elephant1,dog2,elephant1-bottle1,bird9-dog2,cos,0.708331823348999,0.7091506719589233,0,1
resnet50,elephant1-dog2,elephant1,dog2,elephant1-bottle1,bird5-dog2,cos,0.708331823348999,0.7508066296577454,0,1
resnet50,elephant1-dog2,elephant1,dog2,elephant1-bottle1,airplane4-dog2,cos,0.708331823348999,0.7522950768470764,0,1
resnet50,elephant1-dog2,elephant1,dog2,elephant1-bottle1,bicycle5-dog2,cos,0.708331823348999,0.594741702079773,1,0
resnet50,elephant1-dog2,elephant1,dog2,elephant1-bottle1,bicycle6-dog2,cos,0.708331823348999,0.6655636429786682,1,0
resnet50,elephant1-dog2,elephant1,dog2,elephant1-bottle1,bottle1-dog2,cos,0.708331823348999,0.6917985081672668,1,0
resnet50,elephant1-dog2,elephant1,dog2,elephant1-bottle1,bottle8-dog2,cos,0.708331823348999,0.6611338257789612,1,0
resnet50,elephant1-dog2,elephant1,dog2,elephant1-bottle1,bottle4-dog2,cos,0.708331823348999,0.6837967038154602,1,0
resnet50,elephant1-dog2,elephant1,dog2,elephant1-bottle1,keyboard6-dog2,cos,0.708331823348999,0.7363489866256714,0,1
resnet50,elephant1-dog2,elephant1,dog2,elephant1-bottle1,clock3-dog2,cos,0.708331823348999,0.6663417220115662,1,0
resnet50,elephant1-dog2,elephant1,dog2,elephant1-bottle1,clock1-dog2,cos,0.708331823348999,0.7521843910217285,0,1
resnet50,elephant1-dog2,elephant1,dog2,elephant1-bottle1,clock7-dog2,cos,0.708331823348999,0.6503066420555115,1,0
resnet50,elephant1-dog2,elephant1,dog2,elephant1-bottle1,knife6-dog2,cos,0.708331823348999,0.5908169150352478,1,0
resnet50,elephant1-dog2,elephant1,dog2,elephant1-bottle1,elephant6-dog2,cos,0.708331823348999,0.8305801749229431,0,1
resnet50,elephant1-dog2,elephant1,dog2,elephant1-airplane2,cat9-dog2,cos,0.6274575591087341,0.7808082103729248,0,1
resnet50,elephant1-dog2,elephant1,dog2,elephant1-airplane2,car3-dog2,cos,0.6274575591087341,0.778371274471283,0,1
resnet50,elephant1-dog2,elephant1,dog2,elephant1-airplane2,car1-dog2,cos,0.6274575591087341,0.7538216710090637,0,1
resnet50,elephant1-dog2,elephant1,dog2,elephant1-airplane2,boat9-dog2,cos,0.6274575591087341,0.6630805134773254,0,1
resnet50,elephant1-dog2,elephant1,dog2,elephant1-airplane2,boat4-dog2,cos,0.6274575591087341,0.7452964782714844,0,1
resnet50,elephant1-dog2,elephant1,dog2,elephant1-airplane2,oven7-dog2,cos,0.6274575591087341,0.7839288115501404,0,1
resnet50,elephant1-dog2,elephant1,dog2,elephant1-airplane2,chair9-dog2,cos,0.6274575591087341,0.725537121295929,0,1
resnet50,elephant1-dog2,elephant1,dog2,elephant1-airplane2,chair3-dog2,cos,0.6274575591087341,0.675410270690918,0,1
resnet50,elephant1-dog2,elephant1,dog2,elephant1-airplane2,truck6-dog2,cos,0.6274575591087341,0.7713959217071533,0,1
resnet50,elephant1-dog2,elephant1,dog2,elephant1-airplane2,bird2-dog2,cos,0.6274575591087341,0.8003703355789185,0,1
resnet50,elephant1-dog2,elephant1,dog2,elephant1-airplane2,bird9-dog2,cos,0.6274575591087341,0.7091506719589233,0,1
resnet50,elephant1-dog2,elephant1,dog2,elephant1-airplane2,bird5-dog2,cos,0.6274575591087341,0.7508066296577454,0,1
resnet50,elephant1-dog2,elephant1,dog2,elephant1-airplane2,airplane4-dog2,cos,0.6274575591087341,0.7522950768470764,0,1
resnet50,elephant1-dog2,elephant1,dog2,elephant1-airplane2,bicycle5-dog2,cos,0.6274575591087341,0.594741702079773,1,0
resnet50,elephant1-dog2,elephant1,dog2,elephant1-airplane2,bicycle6-dog2,cos,0.6274575591087341,0.6655636429786682,0,1
resnet50,elephant1-dog2,elephant1,dog2,elephant1-airplane2,bottle1-dog2,cos,0.6274575591087341,0.6917985081672668,0,1
resnet50,elephant1-dog2,elephant1,dog2,elephant1-airplane2,bottle8-dog2,cos,0.6274575591087341,0.6611338257789612,0,1
resnet50,elephant1-dog2,elephant1,dog2,elephant1-airplane2,bottle4-dog2,cos,0.6274575591087341,0.6837967038154602,0,1
resnet50,elephant1-dog2,elephant1,dog2,elephant1-airplane2,keyboard6-dog2,cos,0.6274575591087341,0.7363489866256714,0,1
resnet50,elephant1-dog2,elephant1,dog2,elephant1-airplane2,clock3-dog2,cos,0.6274575591087341,0.6663417220115662,0,1
resnet50,elephant1-dog2,elephant1,dog2,elephant1-airplane2,clock1-dog2,cos,0.6274575591087341,0.7521843910217285,0,1
resnet50,elephant1-dog2,elephant1,dog2,elephant1-airplane2,clock7-dog2,cos,0.6274575591087341,0.6503066420555115,0,1
resnet50,elephant1-dog2,elephant1,dog2,elephant1-airplane2,knife6-dog2,cos,0.6274575591087341,0.5908169150352478,1,0
resnet50,elephant1-dog2,elephant1,dog2,elephant1-airplane2,elephant6-dog2,cos,0.6274575591087341,0.8305801749229431,0,1
resnet50,elephant1-dog2,elephant1,dog2,elephant10-bear1,cat9-dog2,cos,0.6442669034004211,0.7808082103729248,0,1
resnet50,elephant1-dog2,elephant1,dog2,elephant10-bear1,car3-dog2,cos,0.6442669034004211,0.778371274471283,0,1
resnet50,elephant1-dog2,elephant1,dog2,elephant10-bear1,car1-dog2,cos,0.6442669034004211,0.7538216710090637,0,1
resnet50,elephant1-dog2,elephant1,dog2,elephant10-bear1,boat9-dog2,cos,0.6442669034004211,0.6630805134773254,0,1
resnet50,elephant1-dog2,elephant1,dog2,elephant10-bear1,boat4-dog2,cos,0.6442669034004211,0.7452964782714844,0,1
resnet50,elephant1-dog2,elephant1,dog2,elephant10-bear1,oven7-dog2,cos,0.6442669034004211,0.7839288115501404,0,1
resnet50,elephant1-dog2,elephant1,dog2,elephant10-bear1,chair9-dog2,cos,0.6442669034004211,0.725537121295929,0,1
resnet50,elephant1-dog2,elephant1,dog2,elephant10-bear1,chair3-dog2,cos,0.6442669034004211,0.675410270690918,0,1
resnet50,elephant1-dog2,elephant1,dog2,elephant10-bear1,truck6-dog2,cos,0.6442669034004211,0.7713959217071533,0,1
resnet50,elephant1-dog2,elephant1,dog2,elephant10-bear1,bird2-dog2,cos,0.6442669034004211,0.8003703355789185,0,1
resnet50,elephant1-dog2,elephant1,dog2,elephant10-bear1,bird9-dog2,cos,0.6442669034004211,0.7091506719589233,0,1
resnet50,elephant1-dog2,elephant1,dog2,elephant10-bear1,bird5-dog2,cos,0.6442669034004211,0.7508066296577454,0,1
resnet50,elephant1-dog2,elephant1,dog2,elephant10-bear1,airplane4-dog2,cos,0.6442669034004211,0.7522950768470764,0,1
resnet50,elephant1-dog2,elephant1,dog2,elephant10-bear1,bicycle5-dog2,cos,0.6442669034004211,0.594741702079773,1,0
resnet50,elephant1-dog2,elephant1,dog2,elephant10-bear1,bicycle6-dog2,cos,0.6442669034004211,0.6655636429786682,0,1
resnet50,elephant1-dog2,elephant1,dog2,elephant10-bear1,bottle1-dog2,cos,0.6442669034004211,0.6917985081672668,0,1
resnet50,elephant1-dog2,elephant1,dog2,elephant10-bear1,bottle8-dog2,cos,0.6442669034004211,0.6611338257789612,0,1
resnet50,elephant1-dog2,elephant1,dog2,elephant10-bear1,bottle4-dog2,cos,0.6442669034004211,0.6837967038154602,0,1
resnet50,elephant1-dog2,elephant1,dog2,elephant10-bear1,keyboard6-dog2,cos,0.6442669034004211,0.7363489866256714,0,1
resnet50,elephant1-dog2,elephant1,dog2,elephant10-bear1,clock3-dog2,cos,0.6442669034004211,0.6663417220115662,0,1
resnet50,elephant1-dog2,elephant1,dog2,elephant10-bear1,clock1-dog2,cos,0.6442669034004211,0.7521843910217285,0,1
resnet50,elephant1-dog2,elephant1,dog2,elephant10-bear1,clock7-dog2,cos,0.6442669034004211,0.6503066420555115,0,1
resnet50,elephant1-dog2,elephant1,dog2,elephant10-bear1,knife6-dog2,cos,0.6442669034004211,0.5908169150352478,1,0
resnet50,elephant1-dog2,elephant1,dog2,elephant10-bear1,elephant6-dog2,cos,0.6442669034004211,0.8305801749229431,0,1
resnet50,elephant1-dog2,elephant1,dog2,elephant1-oven2,cat9-dog2,cos,0.6673226952552795,0.7808082103729248,0,1
resnet50,elephant1-dog2,elephant1,dog2,elephant1-oven2,car3-dog2,cos,0.6673226952552795,0.778371274471283,0,1
resnet50,elephant1-dog2,elephant1,dog2,elephant1-oven2,car1-dog2,cos,0.6673226952552795,0.7538216710090637,0,1
resnet50,elephant1-dog2,elephant1,dog2,elephant1-oven2,boat9-dog2,cos,0.6673226952552795,0.6630805134773254,1,0
resnet50,elephant1-dog2,elephant1,dog2,elephant1-oven2,boat4-dog2,cos,0.6673226952552795,0.7452964782714844,0,1
resnet50,elephant1-dog2,elephant1,dog2,elephant1-oven2,oven7-dog2,cos,0.6673226952552795,0.7839288115501404,0,1
resnet50,elephant1-dog2,elephant1,dog2,elephant1-oven2,chair9-dog2,cos,0.6673226952552795,0.725537121295929,0,1
resnet50,elephant1-dog2,elephant1,dog2,elephant1-oven2,chair3-dog2,cos,0.6673226952552795,0.675410270690918,0,1
resnet50,elephant1-dog2,elephant1,dog2,elephant1-oven2,truck6-dog2,cos,0.6673226952552795,0.7713959217071533,0,1
resnet50,elephant1-dog2,elephant1,dog2,elephant1-oven2,bird2-dog2,cos,0.6673226952552795,0.8003703355789185,0,1
resnet50,elephant1-dog2,elephant1,dog2,elephant1-oven2,bird9-dog2,cos,0.6673226952552795,0.7091506719589233,0,1
resnet50,elephant1-dog2,elephant1,dog2,elephant1-oven2,bird5-dog2,cos,0.6673226952552795,0.7508066296577454,0,1
resnet50,elephant1-dog2,elephant1,dog2,elephant1-oven2,airplane4-dog2,cos,0.6673226952552795,0.7522950768470764,0,1
resnet50,elephant1-dog2,elephant1,dog2,elephant1-oven2,bicycle5-dog2,cos,0.6673226952552795,0.594741702079773,1,0
resnet50,elephant1-dog2,elephant1,dog2,elephant1-oven2,bicycle6-dog2,cos,0.6673226952552795,0.6655636429786682,1,0
resnet50,elephant1-dog2,elephant1,dog2,elephant1-oven2,bottle1-dog2,cos,0.6673226952552795,0.6917985081672668,0,1
resnet50,elephant1-dog2,elephant1,dog2,elephant1-oven2,bottle8-dog2,cos,0.6673226952552795,0.6611338257789612,1,0
resnet50,elephant1-dog2,elephant1,dog2,elephant1-oven2,bottle4-dog2,cos,0.6673226952552795,0.6837967038154602,0,1
resnet50,elephant1-dog2,elephant1,dog2,elephant1-oven2,keyboard6-dog2,cos,0.6673226952552795,0.7363489866256714,0,1
resnet50,elephant1-dog2,elephant1,dog2,elephant1-oven2,clock3-dog2,cos,0.6673226952552795,0.6663417220115662,1,0
resnet50,elephant1-dog2,elephant1,dog2,elephant1-oven2,clock1-dog2,cos,0.6673226952552795,0.7521843910217285,0,1
resnet50,elephant1-dog2,elephant1,dog2,elephant1-oven2,clock7-dog2,cos,0.6673226952552795,0.6503066420555115,1,0
resnet50,elephant1-dog2,elephant1,dog2,elephant1-oven2,knife6-dog2,cos,0.6673226952552795,0.5908169150352478,1,0
resnet50,elephant1-dog2,elephant1,dog2,elephant1-oven2,elephant6-dog2,cos,0.6673226952552795,0.8305801749229431,0,1
resnet50,elephant1-dog2,elephant1,dog2,elephant10-knife3,cat9-dog2,ed,28.01697540283203,20.571125030517578,0,1
resnet50,elephant1-dog2,elephant1,dog2,elephant10-knife3,car3-dog2,ed,28.01697540283203,20.352556228637695,0,1
resnet50,elephant1-dog2,elephant1,dog2,elephant10-knife3,car1-dog2,ed,28.01697540283203,21.216203689575195,0,1
resnet50,elephant1-dog2,elephant1,dog2,elephant10-knife3,boat9-dog2,ed,28.01697540283203,24.841745376586914,0,1
resnet50,elephant1-dog2,elephant1,dog2,elephant10-knife3,boat4-dog2,ed,28.01697540283203,21.881303787231445,0,1
resnet50,elephant1-dog2,elephant1,dog2,elephant10-knife3,oven7-dog2,ed,28.01697540283203,21.048954010009766,0,1
resnet50,elephant1-dog2,elephant1,dog2,elephant10-knife3,chair9-dog2,ed,28.01697540283203,23.166202545166016,0,1
resnet50,elephant1-dog2,elephant1,dog2,elephant10-knife3,chair3-dog2,ed,28.01697540283203,25.033252716064453,0,1
resnet50,elephant1-dog2,elephant1,dog2,elephant10-knife3,truck6-dog2,ed,28.01697540283203,21.35593032836914,0,1
resnet50,elephant1-dog2,elephant1,dog2,elephant10-knife3,bird2-dog2,ed,28.01697540283203,19.679882049560547,0,1
resnet50,elephant1-dog2,elephant1,dog2,elephant10-knife3,bird9-dog2,ed,28.01697540283203,23.88090705871582,0,1
resnet50,elephant1-dog2,elephant1,dog2,elephant10-knife3,bird5-dog2,ed,28.01697540283203,21.718671798706055,0,1
resnet50,elephant1-dog2,elephant1,dog2,elephant10-knife3,airplane4-dog2,ed,28.01697540283203,22.046586990356445,0,1
resnet50,elephant1-dog2,elephant1,dog2,elephant10-knife3,bicycle5-dog2,ed,28.01697540283203,31.24579620361328,1,0
resnet50,elephant1-dog2,elephant1,dog2,elephant10-knife3,bicycle6-dog2,ed,28.01697540283203,24.98484992980957,0,1
resnet50,elephant1-dog2,elephant1,dog2,elephant10-knife3,bottle1-dog2,ed,28.01697540283203,24.879501342773438,0,1
resnet50,elephant1-dog2,elephant1,dog2,elephant10-knife3,bottle8-dog2,ed,28.01697540283203,25.974689483642578,0,1
resnet50,elephant1-dog2,elephant1,dog2,elephant10-knife3,bottle4-dog2,ed,28.01697540283203,24.077709197998047,0,1
resnet50,elephant1-dog2,elephant1,dog2,elephant10-knife3,keyboard6-dog2,ed,28.01697540283203,21.650239944458008,0,1
resnet50,elephant1-dog2,elephant1,dog2,elephant10-knife3,clock3-dog2,ed,28.01697540283203,24.476211547851562,0,1
resnet50,elephant1-dog2,elephant1,dog2,elephant10-knife3,clock1-dog2,ed,28.01697540283203,21.70513916015625,0,1
resnet50,elephant1-dog2,elephant1,dog2,elephant10-knife3,clock7-dog2,ed,28.01697540283203,26.377544403076172,0,1
resnet50,elephant1-dog2,elephant1,dog2,elephant10-knife3,knife6-dog2,ed,28.01697540283203,26.750858306884766,0,1
resnet50,elephant1-dog2,elephant1,dog2,elephant10-knife3,elephant6-dog2,ed,28.01697540283203,17.870378494262695,0,1
resnet50,elephant1-dog2,elephant1,dog2,elephant1-keyboard3,cat9-dog2,ed,22.783138275146484,20.571125030517578,0,1
resnet50,elephant1-dog2,elephant1,dog2,elephant1-keyboard3,car3-dog2,ed,22.783138275146484,20.352556228637695,0,1
resnet50,elephant1-dog2,elephant1,dog2,elephant1-keyboard3,car1-dog2,ed,22.783138275146484,21.216203689575195,0,1
resnet50,elephant1-dog2,elephant1,dog2,elephant1-keyboard3,boat9-dog2,ed,22.783138275146484,24.841745376586914,1,0
resnet50,elephant1-dog2,elephant1,dog2,elephant1-keyboard3,boat4-dog2,ed,22.783138275146484,21.881303787231445,0,1
resnet50,elephant1-dog2,elephant1,dog2,elephant1-keyboard3,oven7-dog2,ed,22.783138275146484,21.048954010009766,0,1
resnet50,elephant1-dog2,elephant1,dog2,elephant1-keyboard3,chair9-dog2,ed,22.783138275146484,23.166202545166016,1,0
resnet50,elephant1-dog2,elephant1,dog2,elephant1-keyboard3,chair3-dog2,ed,22.783138275146484,25.033252716064453,1,0
resnet50,elephant1-dog2,elephant1,dog2,elephant1-keyboard3,truck6-dog2,ed,22.783138275146484,21.35593032836914,0,1
resnet50,elephant1-dog2,elephant1,dog2,elephant1-keyboard3,bird2-dog2,ed,22.783138275146484,19.679882049560547,0,1
resnet50,elephant1-dog2,elephant1,dog2,elephant1-keyboard3,bird9-dog2,ed,22.783138275146484,23.88090705871582,1,0
resnet50,elephant1-dog2,elephant1,dog2,elephant1-keyboard3,bird5-dog2,ed,22.783138275146484,21.718671798706055,0,1
resnet50,elephant1-dog2,elephant1,dog2,elephant1-keyboard3,airplane4-dog2,ed,22.783138275146484,22.046586990356445,0,1
resnet50,elephant1-dog2,elephant1,dog2,elephant1-keyboard3,bicycle5-dog2,ed,22.783138275146484,31.24579620361328,1,0
resnet50,elephant1-dog2,elephant1,dog2,elephant1-keyboard3,bicycle6-dog2,ed,22.783138275146484,24.98484992980957,1,0
resnet50,elephant1-dog2,elephant1,dog2,elephant1-keyboard3,bottle1-dog2,ed,22.783138275146484,24.879501342773438,1,0
resnet50,elephant1-dog2,elephant1,dog2,elephant1-keyboard3,bottle8-dog2,ed,22.783138275146484,25.974689483642578,1,0
resnet50,elephant1-dog2,elephant1,dog2,elephant1-keyboard3,bottle4-dog2,ed,22.783138275146484,24.077709197998047,1,0
resnet50,elephant1-dog2,elephant1,dog2,elephant1-keyboard3,keyboard6-dog2,ed,22.783138275146484,21.650239944458008,0,1
resnet50,elephant1-dog2,elephant1,dog2,elephant1-keyboard3,clock3-dog2,ed,22.783138275146484,24.476211547851562,1,0
resnet50,elephant1-dog2,elephant1,dog2,elephant1-keyboard3,clock1-dog2,ed,22.783138275146484,21.70513916015625,0,1
resnet50,elephant1-dog2,elephant1,dog2,elephant1-keyboard3,clock7-dog2,ed,22.783138275146484,26.377544403076172,1,0
resnet50,elephant1-dog2,elephant1,dog2,elephant1-keyboard3,knife6-dog2,ed,22.783138275146484,26.750858306884766,1,0
resnet50,elephant1-dog2,elephant1,dog2,elephant1-keyboard3,elephant6-dog2,ed,22.783138275146484,17.870378494262695,0,1
resnet50,elephant1-dog2,elephant1,dog2,elephant1-chair1,cat9-dog2,ed,25.311185836791992,20.571125030517578,0,1
resnet50,elephant1-dog2,elephant1,dog2,elephant1-chair1,car3-dog2,ed,25.311185836791992,20.352556228637695,0,1
resnet50,elephant1-dog2,elephant1,dog2,elephant1-chair1,car1-dog2,ed,25.311185836791992,21.216203689575195,0,1
resnet50,elephant1-dog2,elephant1,dog2,elephant1-chair1,boat9-dog2,ed,25.311185836791992,24.841745376586914,0,1
resnet50,elephant1-dog2,elephant1,dog2,elephant1-chair1,boat4-dog2,ed,25.311185836791992,21.881303787231445,0,1
resnet50,elephant1-dog2,elephant1,dog2,elephant1-chair1,oven7-dog2,ed,25.311185836791992,21.048954010009766,0,1
resnet50,elephant1-dog2,elephant1,dog2,elephant1-chair1,chair9-dog2,ed,25.311185836791992,23.166202545166016,0,1
resnet50,elephant1-dog2,elephant1,dog2,elephant1-chair1,chair3-dog2,ed,25.311185836791992,25.033252716064453,0,1
resnet50,elephant1-dog2,elephant1,dog2,elephant1-chair1,truck6-dog2,ed,25.311185836791992,21.35593032836914,0,1
resnet50,elephant1-dog2,elephant1,dog2,elephant1-chair1,bird2-dog2,ed,25.311185836791992,19.679882049560547,0,1
resnet50,elephant1-dog2,elephant1,dog2,elephant1-chair1,bird9-dog2,ed,25.311185836791992,23.88090705871582,0,1
resnet50,elephant1-dog2,elephant1,dog2,elephant1-chair1,bird5-dog2,ed,25.311185836791992,21.718671798706055,0,1
resnet50,elephant1-dog2,elephant1,dog2,elephant1-chair1,airplane4-dog2,ed,25.311185836791992,22.046586990356445,0,1
resnet50,elephant1-dog2,elephant1,dog2,elephant1-chair1,bicycle5-dog2,ed,25.311185836791992,31.24579620361328,1,0
resnet50,elephant1-dog2,elephant1,dog2,elephant1-chair1,bicycle6-dog2,ed,25.311185836791992,24.98484992980957,0,1
resnet50,elephant1-dog2,elephant1,dog2,elephant1-chair1,bottle1-dog2,ed,25.311185836791992,24.879501342773438,0,1
resnet50,elephant1-dog2,elephant1,dog2,elephant1-chair1,bottle8-dog2,ed,25.311185836791992,25.974689483642578,1,0
resnet50,elephant1-dog2,elephant1,dog2,elephant1-chair1,bottle4-dog2,ed,25.311185836791992,24.077709197998047,0,1
resnet50,elephant1-dog2,elephant1,dog2,elephant1-chair1,keyboard6-dog2,ed,25.311185836791992,21.650239944458008,0,1
resnet50,elephant1-dog2,elephant1,dog2,elephant1-chair1,clock3-dog2,ed,25.311185836791992,24.476211547851562,0,1
resnet50,elephant1-dog2,elephant1,dog2,elephant1-chair1,clock1-dog2,ed,25.311185836791992,21.70513916015625,0,1
resnet50,elephant1-dog2,elephant1,dog2,elephant1-chair1,clock7-dog2,ed,25.311185836791992,26.377544403076172,1,0
resnet50,elephant1-dog2,elephant1,dog2,elephant1-chair1,knife6-dog2,ed,25.311185836791992,26.750858306884766,1,0
resnet50,elephant1-dog2,elephant1,dog2,elephant1-chair1,elephant6-dog2,ed,25.311185836791992,17.870378494262695,0,1
resnet50,elephant1-dog2,elephant1,dog2,elephant10-keyboard1,cat9-dog2,ed,29.32366180419922,20.571125030517578,0,1
resnet50,elephant1-dog2,elephant1,dog2,elephant10-keyboard1,car3-dog2,ed,29.32366180419922,20.352556228637695,0,1
resnet50,elephant1-dog2,elephant1,dog2,elephant10-keyboard1,car1-dog2,ed,29.32366180419922,21.216203689575195,0,1
resnet50,elephant1-dog2,elephant1,dog2,elephant10-keyboard1,boat9-dog2,ed,29.32366180419922,24.841745376586914,0,1
resnet50,elephant1-dog2,elephant1,dog2,elephant10-keyboard1,boat4-dog2,ed,29.32366180419922,21.881303787231445,0,1
resnet50,elephant1-dog2,elephant1,dog2,elephant10-keyboard1,oven7-dog2,ed,29.32366180419922,21.048954010009766,0,1
resnet50,elephant1-dog2,elephant1,dog2,elephant10-keyboard1,chair9-dog2,ed,29.32366180419922,23.166202545166016,0,1
resnet50,elephant1-dog2,elephant1,dog2,elephant10-keyboard1,chair3-dog2,ed,29.32366180419922,25.033252716064453,0,1
resnet50,elephant1-dog2,elephant1,dog2,elephant10-keyboard1,truck6-dog2,ed,29.32366180419922,21.35593032836914,0,1
resnet50,elephant1-dog2,elephant1,dog2,elephant10-keyboard1,bird2-dog2,ed,29.32366180419922,19.679882049560547,0,1
resnet50,elephant1-dog2,elephant1,dog2,elephant10-keyboard1,bird9-dog2,ed,29.32366180419922,23.88090705871582,0,1
resnet50,elephant1-dog2,elephant1,dog2,elephant10-keyboard1,bird5-dog2,ed,29.32366180419922,21.718671798706055,0,1
resnet50,elephant1-dog2,elephant1,dog2,elephant10-keyboard1,airplane4-dog2,ed,29.32366180419922,22.046586990356445,0,1
resnet50,elephant1-dog2,elephant1,dog2,elephant10-keyboard1,bicycle5-dog2,ed,29.32366180419922,31.24579620361328,1,0
resnet50,elephant1-dog2,elephant1,dog2,elephant10-keyboard1,bicycle6-dog2,ed,29.32366180419922,24.98484992980957,0,1
resnet50,elephant1-dog2,elephant1,dog2,elephant10-keyboard1,bottle1-dog2,ed,29.32366180419922,24.879501342773438,0,1
resnet50,elephant1-dog2,elephant1,dog2,elephant10-keyboard1,bottle8-dog2,ed,29.32366180419922,25.974689483642578,0,1
resnet50,elephant1-dog2,elephant1,dog2,elephant10-keyboard1,bottle4-dog2,ed,29.32366180419922,24.077709197998047,0,1
resnet50,elephant1-dog2,elephant1,dog2,elephant10-keyboard1,keyboard6-dog2,ed,29.32366180419922,21.650239944458008,0,1
resnet50,elephant1-dog2,elephant1,dog2,elephant10-keyboard1,clock3-dog2,ed,29.32366180419922,24.476211547851562,0,1
resnet50,elephant1-dog2,elephant1,dog2,elephant10-keyboard1,clock1-dog2,ed,29.32366180419922,21.70513916015625,0,1
resnet50,elephant1-dog2,elephant1,dog2,elephant10-keyboard1,clock7-dog2,ed,29.32366180419922,26.377544403076172,0,1
resnet50,elephant1-dog2,elephant1,dog2,elephant10-keyboard1,knife6-dog2,ed,29.32366180419922,26.750858306884766,0,1
resnet50,elephant1-dog2,elephant1,dog2,elephant10-keyboard1,elephant6-dog2,ed,29.32366180419922,17.870378494262695,0,1
resnet50,elephant1-dog2,elephant1,dog2,elephant1-boat2,cat9-dog2,ed,22.87786865234375,20.571125030517578,0,1
resnet50,elephant1-dog2,elephant1,dog2,elephant1-boat2,car3-dog2,ed,22.87786865234375,20.352556228637695,0,1
resnet50,elephant1-dog2,elephant1,dog2,elephant1-boat2,car1-dog2,ed,22.87786865234375,21.216203689575195,0,1
resnet50,elephant1-dog2,elephant1,dog2,elephant1-boat2,boat9-dog2,ed,22.87786865234375,24.841745376586914,1,0
resnet50,elephant1-dog2,elephant1,dog2,elephant1-boat2,boat4-dog2,ed,22.87786865234375,21.881303787231445,0,1
resnet50,elephant1-dog2,elephant1,dog2,elephant1-boat2,oven7-dog2,ed,22.87786865234375,21.048954010009766,0,1
resnet50,elephant1-dog2,elephant1,dog2,elephant1-boat2,chair9-dog2,ed,22.87786865234375,23.166202545166016,1,0
resnet50,elephant1-dog2,elephant1,dog2,elephant1-boat2,chair3-dog2,ed,22.87786865234375,25.033252716064453,1,0
resnet50,elephant1-dog2,elephant1,dog2,elephant1-boat2,truck6-dog2,ed,22.87786865234375,21.35593032836914,0,1
resnet50,elephant1-dog2,elephant1,dog2,elephant1-boat2,bird2-dog2,ed,22.87786865234375,19.679882049560547,0,1
resnet50,elephant1-dog2,elephant1,dog2,elephant1-boat2,bird9-dog2,ed,22.87786865234375,23.88090705871582,1,0
resnet50,elephant1-dog2,elephant1,dog2,elephant1-boat2,bird5-dog2,ed,22.87786865234375,21.718671798706055,0,1
resnet50,elephant1-dog2,elephant1,dog2,elephant1-boat2,airplane4-dog2,ed,22.87786865234375,22.046586990356445,0,1
resnet50,elephant1-dog2,elephant1,dog2,elephant1-boat2,bicycle5-dog2,ed,22.87786865234375,31.24579620361328,1,0
resnet50,elephant1-dog2,elephant1,dog2,elephant1-boat2,bicycle6-dog2,ed,22.87786865234375,24.98484992980957,1,0
resnet50,elephant1-dog2,elephant1,dog2,elephant1-boat2,bottle1-dog2,ed,22.87786865234375,24.879501342773438,1,0
resnet50,elephant1-dog2,elephant1,dog2,elephant1-boat2,bottle8-dog2,ed,22.87786865234375,25.974689483642578,1,0
resnet50,elephant1-dog2,elephant1,dog2,elephant1-boat2,bottle4-dog2,ed,22.87786865234375,24.077709197998047,1,0
resnet50,elephant1-dog2,elephant1,dog2,elephant1-boat2,keyboard6-dog2,ed,22.87786865234375,21.650239944458008,0,1
resnet50,elephant1-dog2,elephant1,dog2,elephant1-boat2,clock3-dog2,ed,22.87786865234375,24.476211547851562,1,0
resnet50,elephant1-dog2,elephant1,dog2,elephant1-boat2,clock1-dog2,ed,22.87786865234375,21.70513916015625,0,1
resnet50,elephant1-dog2,elephant1,dog2,elephant1-boat2,clock7-dog2,ed,22.87786865234375,26.377544403076172,1,0
resnet50,elephant1-dog2,elephant1,dog2,elephant1-boat2,knife6-dog2,ed,22.87786865234375,26.750858306884766,1,0
resnet50,elephant1-dog2,elephant1,dog2,elephant1-boat2,elephant6-dog2,ed,22.87786865234375,17.870378494262695,0,1
resnet50,elephant1-dog2,elephant1,dog2,elephant1-bear2,cat9-dog2,ed,17.311668395996094,20.571125030517578,1,0
resnet50,elephant1-dog2,elephant1,dog2,elephant1-bear2,car3-dog2,ed,17.311668395996094,20.352556228637695,1,0
resnet50,elephant1-dog2,elephant1,dog2,elephant1-bear2,car1-dog2,ed,17.311668395996094,21.216203689575195,1,0
resnet50,elephant1-dog2,elephant1,dog2,elephant1-bear2,boat9-dog2,ed,17.311668395996094,24.841745376586914,1,0
resnet50,elephant1-dog2,elephant1,dog2,elephant1-bear2,boat4-dog2,ed,17.311668395996094,21.881303787231445,1,0
resnet50,elephant1-dog2,elephant1,dog2,elephant1-bear2,oven7-dog2,ed,17.311668395996094,21.048954010009766,1,0
resnet50,elephant1-dog2,elephant1,dog2,elephant1-bear2,chair9-dog2,ed,17.311668395996094,23.166202545166016,1,0
resnet50,elephant1-dog2,elephant1,dog2,elephant1-bear2,chair3-dog2,ed,17.311668395996094,25.033252716064453,1,0
resnet50,elephant1-dog2,elephant1,dog2,elephant1-bear2,truck6-dog2,ed,17.311668395996094,21.35593032836914,1,0
resnet50,elephant1-dog2,elephant1,dog2,elephant1-bear2,bird2-dog2,ed,17.311668395996094,19.679882049560547,1,0
resnet50,elephant1-dog2,elephant1,dog2,elephant1-bear2,bird9-dog2,ed,17.311668395996094,23.88090705871582,1,0
resnet50,elephant1-dog2,elephant1,dog2,elephant1-bear2,bird5-dog2,ed,17.311668395996094,21.718671798706055,1,0
resnet50,elephant1-dog2,elephant1,dog2,elephant1-bear2,airplane4-dog2,ed,17.311668395996094,22.046586990356445,1,0
resnet50,elephant1-dog2,elephant1,dog2,elephant1-bear2,bicycle5-dog2,ed,17.311668395996094,31.24579620361328,1,0
resnet50,elephant1-dog2,elephant1,dog2,elephant1-bear2,bicycle6-dog2,ed,17.311668395996094,24.98484992980957,1,0
resnet50,elephant1-dog2,elephant1,dog2,elephant1-bear2,bottle1-dog2,ed,17.311668395996094,24.879501342773438,1,0
resnet50,elephant1-dog2,elephant1,dog2,elephant1-bear2,bottle8-dog2,ed,17.311668395996094,25.974689483642578,1,0
resnet50,elephant1-dog2,elephant1,dog2,elephant1-bear2,bottle4-dog2,ed,17.311668395996094,24.077709197998047,1,0
resnet50,elephant1-dog2,elephant1,dog2,elephant1-bear2,keyboard6-dog2,ed,17.311668395996094,21.650239944458008,1,0
resnet50,elephant1-dog2,elephant1,dog2,elephant1-bear2,clock3-dog2,ed,17.311668395996094,24.476211547851562,1,0
resnet50,elephant1-dog2,elephant1,dog2,elephant1-bear2,clock1-dog2,ed,17.311668395996094,21.70513916015625,1,0
resnet50,elephant1-dog2,elephant1,dog2,elephant1-bear2,clock7-dog2,ed,17.311668395996094,26.377544403076172,1,0
resnet50,elephant1-dog2,elephant1,dog2,elephant1-bear2,knife6-dog2,ed,17.311668395996094,26.750858306884766,1,0
resnet50,elephant1-dog2,elephant1,dog2,elephant1-bear2,elephant6-dog2,ed,17.311668395996094,17.870378494262695,1,0
resnet50,elephant1-dog2,elephant1,dog2,elephant1-car3,cat9-dog2,ed,23.93745994567871,20.571125030517578,0,1
resnet50,elephant1-dog2,elephant1,dog2,elephant1-car3,car3-dog2,ed,23.93745994567871,20.352556228637695,0,1
resnet50,elephant1-dog2,elephant1,dog2,elephant1-car3,car1-dog2,ed,23.93745994567871,21.216203689575195,0,1
resnet50,elephant1-dog2,elephant1,dog2,elephant1-car3,boat9-dog2,ed,23.93745994567871,24.841745376586914,1,0
resnet50,elephant1-dog2,elephant1,dog2,elephant1-car3,boat4-dog2,ed,23.93745994567871,21.881303787231445,0,1
resnet50,elephant1-dog2,elephant1,dog2,elephant1-car3,oven7-dog2,ed,23.93745994567871,21.048954010009766,0,1
resnet50,elephant1-dog2,elephant1,dog2,elephant1-car3,chair9-dog2,ed,23.93745994567871,23.166202545166016,0,1
resnet50,elephant1-dog2,elephant1,dog2,elephant1-car3,chair3-dog2,ed,23.93745994567871,25.033252716064453,1,0
resnet50,elephant1-dog2,elephant1,dog2,elephant1-car3,truck6-dog2,ed,23.93745994567871,21.35593032836914,0,1
resnet50,elephant1-dog2,elephant1,dog2,elephant1-car3,bird2-dog2,ed,23.93745994567871,19.679882049560547,0,1
resnet50,elephant1-dog2,elephant1,dog2,elephant1-car3,bird9-dog2,ed,23.93745994567871,23.88090705871582,0,1
resnet50,elephant1-dog2,elephant1,dog2,elephant1-car3,bird5-dog2,ed,23.93745994567871,21.718671798706055,0,1
resnet50,elephant1-dog2,elephant1,dog2,elephant1-car3,airplane4-dog2,ed,23.93745994567871,22.046586990356445,0,1
resnet50,elephant1-dog2,elephant1,dog2,elephant1-car3,bicycle5-dog2,ed,23.93745994567871,31.24579620361328,1,0
resnet50,elephant1-dog2,elephant1,dog2,elephant1-car3,bicycle6-dog2,ed,23.93745994567871,24.98484992980957,1,0
resnet50,elephant1-dog2,elephant1,dog2,elephant1-car3,bottle1-dog2,ed,23.93745994567871,24.879501342773438,1,0
resnet50,elephant1-dog2,elephant1,dog2,elephant1-car3,bottle8-dog2,ed,23.93745994567871,25.974689483642578,1,0
resnet50,elephant1-dog2,elephant1,dog2,elephant1-car3,bottle4-dog2,ed,23.93745994567871,24.077709197998047,1,0
resnet50,elephant1-dog2,elephant1,dog2,elephant1-car3,keyboard6-dog2,ed,23.93745994567871,21.650239944458008,0,1
resnet50,elephant1-dog2,elephant1,dog2,elephant1-car3,clock3-dog2,ed,23.93745994567871,24.476211547851562,1,0
resnet50,elephant1-dog2,elephant1,dog2,elephant1-car3,clock1-dog2,ed,23.93745994567871,21.70513916015625,0,1
resnet50,elephant1-dog2,elephant1,dog2,elephant1-car3,clock7-dog2,ed,23.93745994567871,26.377544403076172,1,0
resnet50,elephant1-dog2,elephant1,dog2,elephant1-car3,knife6-dog2,ed,23.93745994567871,26.750858306884766,1,0
resnet50,elephant1-dog2,elephant1,dog2,elephant1-car3,elephant6-dog2,ed,23.93745994567871,17.870378494262695,0,1
resnet50,elephant1-dog2,elephant1,dog2,elephant1-bottle1,cat9-dog2,ed,24.041053771972656,20.571125030517578,0,1
resnet50,elephant1-dog2,elephant1,dog2,elephant1-bottle1,car3-dog2,ed,24.041053771972656,20.352556228637695,0,1
resnet50,elephant1-dog2,elephant1,dog2,elephant1-bottle1,car1-dog2,ed,24.041053771972656,21.216203689575195,0,1
resnet50,elephant1-dog2,elephant1,dog2,elephant1-bottle1,boat9-dog2,ed,24.041053771972656,24.841745376586914,1,0
resnet50,elephant1-dog2,elephant1,dog2,elephant1-bottle1,boat4-dog2,ed,24.041053771972656,21.881303787231445,0,1
resnet50,elephant1-dog2,elephant1,dog2,elephant1-bottle1,oven7-dog2,ed,24.041053771972656,21.048954010009766,0,1
resnet50,elephant1-dog2,elephant1,dog2,elephant1-bottle1,chair9-dog2,ed,24.041053771972656,23.166202545166016,0,1
resnet50,elephant1-dog2,elephant1,dog2,elephant1-bottle1,chair3-dog2,ed,24.041053771972656,25.033252716064453,1,0
resnet50,elephant1-dog2,elephant1,dog2,elephant1-bottle1,truck6-dog2,ed,24.041053771972656,21.35593032836914,0,1
resnet50,elephant1-dog2,elephant1,dog2,elephant1-bottle1,bird2-dog2,ed,24.041053771972656,19.679882049560547,0,1
resnet50,elephant1-dog2,elephant1,dog2,elephant1-bottle1,bird9-dog2,ed,24.041053771972656,23.88090705871582,0,1
resnet50,elephant1-dog2,elephant1,dog2,elephant1-bottle1,bird5-dog2,ed,24.041053771972656,21.718671798706055,0,1
resnet50,elephant1-dog2,elephant1,dog2,elephant1-bottle1,airplane4-dog2,ed,24.041053771972656,22.046586990356445,0,1
resnet50,elephant1-dog2,elephant1,dog2,elephant1-bottle1,bicycle5-dog2,ed,24.041053771972656,31.24579620361328,1,0
resnet50,elephant1-dog2,elephant1,dog2,elephant1-bottle1,bicycle6-dog2,ed,24.041053771972656,24.98484992980957,1,0
resnet50,elephant1-dog2,elephant1,dog2,elephant1-bottle1,bottle1-dog2,ed,24.041053771972656,24.879501342773438,1,0
resnet50,elephant1-dog2,elephant1,dog2,elephant1-bottle1,bottle8-dog2,ed,24.041053771972656,25.974689483642578,1,0
resnet50,elephant1-dog2,elephant1,dog2,elephant1-bottle1,bottle4-dog2,ed,24.041053771972656,24.077709197998047,1,0
resnet50,elephant1-dog2,elephant1,dog2,elephant1-bottle1,keyboard6-dog2,ed,24.041053771972656,21.650239944458008,0,1
resnet50,elephant1-dog2,elephant1,dog2,elephant1-bottle1,clock3-dog2,ed,24.041053771972656,24.476211547851562,1,0
resnet50,elephant1-dog2,elephant1,dog2,elephant1-bottle1,clock1-dog2,ed,24.041053771972656,21.70513916015625,0,1
resnet50,elephant1-dog2,elephant1,dog2,elephant1-bottle1,clock7-dog2,ed,24.041053771972656,26.377544403076172,1,0
resnet50,elephant1-dog2,elephant1,dog2,elephant1-bottle1,knife6-dog2,ed,24.041053771972656,26.750858306884766,1,0
resnet50,elephant1-dog2,elephant1,dog2,elephant1-bottle1,elephant6-dog2,ed,24.041053771972656,17.870378494262695,0,1
resnet50,elephant1-dog2,elephant1,dog2,elephant1-airplane2,cat9-dog2,ed,27.250228881835938,20.571125030517578,0,1
resnet50,elephant1-dog2,elephant1,dog2,elephant1-airplane2,car3-dog2,ed,27.250228881835938,20.352556228637695,0,1
resnet50,elephant1-dog2,elephant1,dog2,elephant1-airplane2,car1-dog2,ed,27.250228881835938,21.216203689575195,0,1
resnet50,elephant1-dog2,elephant1,dog2,elephant1-airplane2,boat9-dog2,ed,27.250228881835938,24.841745376586914,0,1
resnet50,elephant1-dog2,elephant1,dog2,elephant1-airplane2,boat4-dog2,ed,27.250228881835938,21.881303787231445,0,1
resnet50,elephant1-dog2,elephant1,dog2,elephant1-airplane2,oven7-dog2,ed,27.250228881835938,21.048954010009766,0,1
resnet50,elephant1-dog2,elephant1,dog2,elephant1-airplane2,chair9-dog2,ed,27.250228881835938,23.166202545166016,0,1
resnet50,elephant1-dog2,elephant1,dog2,elephant1-airplane2,chair3-dog2,ed,27.250228881835938,25.033252716064453,0,1
resnet50,elephant1-dog2,elephant1,dog2,elephant1-airplane2,truck6-dog2,ed,27.250228881835938,21.35593032836914,0,1
resnet50,elephant1-dog2,elephant1,dog2,elephant1-airplane2,bird2-dog2,ed,27.250228881835938,19.679882049560547,0,1
resnet50,elephant1-dog2,elephant1,dog2,elephant1-airplane2,bird9-dog2,ed,27.250228881835938,23.88090705871582,0,1
resnet50,elephant1-dog2,elephant1,dog2,elephant1-airplane2,bird5-dog2,ed,27.250228881835938,21.718671798706055,0,1
resnet50,elephant1-dog2,elephant1,dog2,elephant1-airplane2,airplane4-dog2,ed,27.250228881835938,22.046586990356445,0,1
resnet50,elephant1-dog2,elephant1,dog2,elephant1-airplane2,bicycle5-dog2,ed,27.250228881835938,31.24579620361328,1,0
resnet50,elephant1-dog2,elephant1,dog2,elephant1-airplane2,bicycle6-dog2,ed,27.250228881835938,24.98484992980957,0,1
resnet50,elephant1-dog2,elephant1,dog2,elephant1-airplane2,bottle1-dog2,ed,27.250228881835938,24.879501342773438,0,1
resnet50,elephant1-dog2,elephant1,dog2,elephant1-airplane2,bottle8-dog2,ed,27.250228881835938,25.974689483642578,0,1
resnet50,elephant1-dog2,elephant1,dog2,elephant1-airplane2,bottle4-dog2,ed,27.250228881835938,24.077709197998047,0,1
resnet50,elephant1-dog2,elephant1,dog2,elephant1-airplane2,keyboard6-dog2,ed,27.250228881835938,21.650239944458008,0,1
resnet50,elephant1-dog2,elephant1,dog2,elephant1-airplane2,clock3-dog2,ed,27.250228881835938,24.476211547851562,0,1
resnet50,elephant1-dog2,elephant1,dog2,elephant1-airplane2,clock1-dog2,ed,27.250228881835938,21.70513916015625,0,1
resnet50,elephant1-dog2,elephant1,dog2,elephant1-airplane2,clock7-dog2,ed,27.250228881835938,26.377544403076172,0,1
resnet50,elephant1-dog2,elephant1,dog2,elephant1-airplane2,knife6-dog2,ed,27.250228881835938,26.750858306884766,0,1
resnet50,elephant1-dog2,elephant1,dog2,elephant1-airplane2,elephant6-dog2,ed,27.250228881835938,17.870378494262695,0,1
resnet50,elephant1-dog2,elephant1,dog2,elephant10-bear1,cat9-dog2,ed,26.237150192260742,20.571125030517578,0,1
resnet50,elephant1-dog2,elephant1,dog2,elephant10-bear1,car3-dog2,ed,26.237150192260742,20.352556228637695,0,1
resnet50,elephant1-dog2,elephant1,dog2,elephant10-bear1,car1-dog2,ed,26.237150192260742,21.216203689575195,0,1
resnet50,elephant1-dog2,elephant1,dog2,elephant10-bear1,boat9-dog2,ed,26.237150192260742,24.841745376586914,0,1
resnet50,elephant1-dog2,elephant1,dog2,elephant10-bear1,boat4-dog2,ed,26.237150192260742,21.881303787231445,0,1
resnet50,elephant1-dog2,elephant1,dog2,elephant10-bear1,oven7-dog2,ed,26.237150192260742,21.048954010009766,0,1
resnet50,elephant1-dog2,elephant1,dog2,elephant10-bear1,chair9-dog2,ed,26.237150192260742,23.166202545166016,0,1
resnet50,elephant1-dog2,elephant1,dog2,elephant10-bear1,chair3-dog2,ed,26.237150192260742,25.033252716064453,0,1
resnet50,elephant1-dog2,elephant1,dog2,elephant10-bear1,truck6-dog2,ed,26.237150192260742,21.35593032836914,0,1
resnet50,elephant1-dog2,elephant1,dog2,elephant10-bear1,bird2-dog2,ed,26.237150192260742,19.679882049560547,0,1
resnet50,elephant1-dog2,elephant1,dog2,elephant10-bear1,bird9-dog2,ed,26.237150192260742,23.88090705871582,0,1
resnet50,elephant1-dog2,elephant1,dog2,elephant10-bear1,bird5-dog2,ed,26.237150192260742,21.718671798706055,0,1
resnet50,elephant1-dog2,elephant1,dog2,elephant10-bear1,airplane4-dog2,ed,26.237150192260742,22.046586990356445,0,1
resnet50,elephant1-dog2,elephant1,dog2,elephant10-bear1,bicycle5-dog2,ed,26.237150192260742,31.24579620361328,1,0
resnet50,elephant1-dog2,elephant1,dog2,elephant10-bear1,bicycle6-dog2,ed,26.237150192260742,24.98484992980957,0,1
resnet50,elephant1-dog2,elephant1,dog2,elephant10-bear1,bottle1-dog2,ed,26.237150192260742,24.879501342773438,0,1
resnet50,elephant1-dog2,elephant1,dog2,elephant10-bear1,bottle8-dog2,ed,26.237150192260742,25.974689483642578,0,1
resnet50,elephant1-dog2,elephant1,dog2,elephant10-bear1,bottle4-dog2,ed,26.237150192260742,24.077709197998047,0,1
resnet50,elephant1-dog2,elephant1,dog2,elephant10-bear1,keyboard6-dog2,ed,26.237150192260742,21.650239944458008,0,1
resnet50,elephant1-dog2,elephant1,dog2,elephant10-bear1,clock3-dog2,ed,26.237150192260742,24.476211547851562,0,1
resnet50,elephant1-dog2,elephant1,dog2,elephant10-bear1,clock1-dog2,ed,26.237150192260742,21.70513916015625,0,1
resnet50,elephant1-dog2,elephant1,dog2,elephant10-bear1,clock7-dog2,ed,26.237150192260742,26.377544403076172,1,0
resnet50,elephant1-dog2,elephant1,dog2,elephant10-bear1,knife6-dog2,ed,26.237150192260742,26.750858306884766,1,0
resnet50,elephant1-dog2,elephant1,dog2,elephant10-bear1,elephant6-dog2,ed,26.237150192260742,17.870378494262695,0,1
resnet50,elephant1-dog2,elephant1,dog2,elephant1-oven2,cat9-dog2,ed,24.829484939575195,20.571125030517578,0,1
resnet50,elephant1-dog2,elephant1,dog2,elephant1-oven2,car3-dog2,ed,24.829484939575195,20.352556228637695,0,1
resnet50,elephant1-dog2,elephant1,dog2,elephant1-oven2,car1-dog2,ed,24.829484939575195,21.216203689575195,0,1
resnet50,elephant1-dog2,elephant1,dog2,elephant1-oven2,boat9-dog2,ed,24.829484939575195,24.841745376586914,1,0
resnet50,elephant1-dog2,elephant1,dog2,elephant1-oven2,boat4-dog2,ed,24.829484939575195,21.881303787231445,0,1
resnet50,elephant1-dog2,elephant1,dog2,elephant1-oven2,oven7-dog2,ed,24.829484939575195,21.048954010009766,0,1
resnet50,elephant1-dog2,elephant1,dog2,elephant1-oven2,chair9-dog2,ed,24.829484939575195,23.166202545166016,0,1
resnet50,elephant1-dog2,elephant1,dog2,elephant1-oven2,chair3-dog2,ed,24.829484939575195,25.033252716064453,1,0
resnet50,elephant1-dog2,elephant1,dog2,elephant1-oven2,truck6-dog2,ed,24.829484939575195,21.35593032836914,0,1
resnet50,elephant1-dog2,elephant1,dog2,elephant1-oven2,bird2-dog2,ed,24.829484939575195,19.679882049560547,0,1
resnet50,elephant1-dog2,elephant1,dog2,elephant1-oven2,bird9-dog2,ed,24.829484939575195,23.88090705871582,0,1
resnet50,elephant1-dog2,elephant1,dog2,elephant1-oven2,bird5-dog2,ed,24.829484939575195,21.718671798706055,0,1
resnet50,elephant1-dog2,elephant1,dog2,elephant1-oven2,airplane4-dog2,ed,24.829484939575195,22.046586990356445,0,1
resnet50,elephant1-dog2,elephant1,dog2,elephant1-oven2,bicycle5-dog2,ed,24.829484939575195,31.24579620361328,1,0
resnet50,elephant1-dog2,elephant1,dog2,elephant1-oven2,bicycle6-dog2,ed,24.829484939575195,24.98484992980957,1,0
resnet50,elephant1-dog2,elephant1,dog2,elephant1-oven2,bottle1-dog2,ed,24.829484939575195,24.879501342773438,1,0
resnet50,elephant1-dog2,elephant1,dog2,elephant1-oven2,bottle8-dog2,ed,24.829484939575195,25.974689483642578,1,0
resnet50,elephant1-dog2,elephant1,dog2,elephant1-oven2,bottle4-dog2,ed,24.829484939575195,24.077709197998047,0,1
resnet50,elephant1-dog2,elephant1,dog2,elephant1-oven2,keyboard6-dog2,ed,24.829484939575195,21.650239944458008,0,1
resnet50,elephant1-dog2,elephant1,dog2,elephant1-oven2,clock3-dog2,ed,24.829484939575195,24.476211547851562,0,1
resnet50,elephant1-dog2,elephant1,dog2,elephant1-oven2,clock1-dog2,ed,24.829484939575195,21.70513916015625,0,1
resnet50,elephant1-dog2,elephant1,dog2,elephant1-oven2,clock7-dog2,ed,24.829484939575195,26.377544403076172,1,0
resnet50,elephant1-dog2,elephant1,dog2,elephant1-oven2,knife6-dog2,ed,24.829484939575195,26.750858306884766,1,0
resnet50,elephant1-dog2,elephant1,dog2,elephant1-oven2,elephant6-dog2,ed,24.829484939575195,17.870378494262695,0,1
