Model,Anchor,Anchor Shape,Anchor Texture,Shape Match,Texture Match,Metric,Shape Distance,Texture Distance,Shape Match Closer,Texture Match Closer
resnet50_random,keyboard8-dog3,keyboard8,dog3,keyboard8-chair2,cat5-dog3,dot,1793265.0,1789416.875,1,0
resnet50_random,keyboard8-dog3,keyboard8,dog3,keyboard8-chair2,cat4-dog3,dot,1793265.0,2087534.0,0,1
resnet50_random,keyboard8-dog3,keyboard8,dog3,keyboard8-chair2,cat7-dog3,dot,1793265.0,1770182.75,1,0
resnet50_random,keyboard8-dog3,keyboard8,dog3,keyboard8-chair2,car7-dog3,dot,1793265.0,2015854.75,0,1
resnet50_random,keyboard8-dog3,keyboard8,dog3,keyboard8-chair2,bear3-dog3,dot,1793265.0,1739216.0,1,0
resnet50_random,keyboard8-dog3,keyboard8,dog3,keyboard8-chair2,bear7-dog3,dot,1793265.0,1536377.625,1,0
resnet50_random,keyboard8-dog3,keyboard8,dog3,keyboard8-chair2,boat8-dog3,dot,1793265.0,1934904.125,0,1
resnet50_random,keyboard8-dog3,keyboard8,dog3,keyboard8-chair2,boat3-dog3,dot,1793265.0,1888555.0,0,1
resnet50_random,keyboard8-dog3,keyboard8,dog3,keyboard8-chair2,oven2-dog3,dot,1793265.0,1524826.75,1,0
resnet50_random,keyboard8-dog3,keyboard8,dog3,keyboard8-chair2,oven5-dog3,dot,1793265.0,1874758.25,0,1
resnet50_random,keyboard8-dog3,keyboard8,dog3,keyboard8-chair2,oven1-dog3,dot,1793265.0,1454742.75,1,0
resnet50_random,keyboard8-dog3,keyboard8,dog3,keyboard8-chair2,truck5-dog3,dot,1793265.0,1790507.5,1,0
resnet50_random,keyboard8-dog3,keyboard8,dog3,keyboard8-chair2,truck3-dog3,dot,1793265.0,1776288.25,1,0
resnet50_random,keyboard8-dog3,keyboard8,dog3,keyboard8-chair2,truck8-dog3,dot,1793265.0,1901463.0,0,1
resnet50_random,keyboard8-dog3,keyboard8,dog3,keyboard8-chair2,bird4-dog3,dot,1793265.0,1990124.75,0,1
resnet50_random,keyboard8-dog3,keyboard8,dog3,keyboard8-chair2,airplane10-dog3,dot,1793265.0,2123619.0,0,1
resnet50_random,keyboard8-dog3,keyboard8,dog3,keyboard8-chair2,airplane5-dog3,dot,1793265.0,2009010.25,0,1
resnet50_random,keyboard8-dog3,keyboard8,dog3,keyboard8-chair2,bicycle10-dog3,dot,1793265.0,2058767.25,0,1
resnet50_random,keyboard8-dog3,keyboard8,dog3,keyboard8-chair2,bicycle1-dog3,dot,1793265.0,2130852.0,0,1
resnet50_random,keyboard8-dog3,keyboard8,dog3,keyboard8-chair2,bottle6-dog3,dot,1793265.0,2068009.875,0,1
resnet50_random,keyboard8-dog3,keyboard8,dog3,keyboard8-chair2,keyboard1-dog3,dot,1793265.0,1945471.0,0,1
resnet50_random,keyboard8-dog3,keyboard8,dog3,keyboard8-chair2,keyboard5-dog3,dot,1793265.0,1689790.0,1,0
resnet50_random,keyboard8-dog3,keyboard8,dog3,keyboard8-chair2,clock10-dog3,dot,1793265.0,2059172.75,0,1
resnet50_random,keyboard8-dog3,keyboard8,dog3,keyboard8-chair2,elephant9-dog3,dot,1793265.0,1741139.75,1,0
resnet50_random,keyboard8-dog3,keyboard8,dog3,keyboard8-oven1,cat5-dog3,dot,1702487.0,1789416.875,0,1
resnet50_random,keyboard8-dog3,keyboard8,dog3,keyboard8-oven1,cat4-dog3,dot,1702487.0,2087534.0,0,1
resnet50_random,keyboard8-dog3,keyboard8,dog3,keyboard8-oven1,cat7-dog3,dot,1702487.0,1770182.75,0,1
resnet50_random,keyboard8-dog3,keyboard8,dog3,keyboard8-oven1,car7-dog3,dot,1702487.0,2015854.75,0,1
resnet50_random,keyboard8-dog3,keyboard8,dog3,keyboard8-oven1,bear3-dog3,dot,1702487.0,1739216.0,0,1
resnet50_random,keyboard8-dog3,keyboard8,dog3,keyboard8-oven1,bear7-dog3,dot,1702487.0,1536377.625,1,0
resnet50_random,keyboard8-dog3,keyboard8,dog3,keyboard8-oven1,boat8-dog3,dot,1702487.0,1934904.125,0,1
resnet50_random,keyboard8-dog3,keyboard8,dog3,keyboard8-oven1,boat3-dog3,dot,1702487.0,1888555.0,0,1
resnet50_random,keyboard8-dog3,keyboard8,dog3,keyboard8-oven1,oven2-dog3,dot,1702487.0,1524826.75,1,0
resnet50_random,keyboard8-dog3,keyboard8,dog3,keyboard8-oven1,oven5-dog3,dot,1702487.0,1874758.25,0,1
resnet50_random,keyboard8-dog3,keyboard8,dog3,keyboard8-oven1,oven1-dog3,dot,1702487.0,1454742.75,1,0
resnet50_random,keyboard8-dog3,keyboard8,dog3,keyboard8-oven1,truck5-dog3,dot,1702487.0,1790507.5,0,1
resnet50_random,keyboard8-dog3,keyboard8,dog3,keyboard8-oven1,truck3-dog3,dot,1702487.0,1776288.25,0,1
resnet50_random,keyboard8-dog3,keyboard8,dog3,keyboard8-oven1,truck8-dog3,dot,1702487.0,1901463.0,0,1
resnet50_random,keyboard8-dog3,keyboard8,dog3,keyboard8-oven1,bird4-dog3,dot,1702487.0,1990124.75,0,1
resnet50_random,keyboard8-dog3,keyboard8,dog3,keyboard8-oven1,airplane10-dog3,dot,1702487.0,2123619.0,0,1
resnet50_random,keyboard8-dog3,keyboard8,dog3,keyboard8-oven1,airplane5-dog3,dot,1702487.0,2009010.25,0,1
resnet50_random,keyboard8-dog3,keyboard8,dog3,keyboard8-oven1,bicycle10-dog3,dot,1702487.0,2058767.25,0,1
resnet50_random,keyboard8-dog3,keyboard8,dog3,keyboard8-oven1,bicycle1-dog3,dot,1702487.0,2130852.0,0,1
resnet50_random,keyboard8-dog3,keyboard8,dog3,keyboard8-oven1,bottle6-dog3,dot,1702487.0,2068009.875,0,1
resnet50_random,keyboard8-dog3,keyboard8,dog3,keyboard8-oven1,keyboard1-dog3,dot,1702487.0,1945471.0,0,1
resnet50_random,keyboard8-dog3,keyboard8,dog3,keyboard8-oven1,keyboard5-dog3,dot,1702487.0,1689790.0,1,0
resnet50_random,keyboard8-dog3,keyboard8,dog3,keyboard8-oven1,clock10-dog3,dot,1702487.0,2059172.75,0,1
resnet50_random,keyboard8-dog3,keyboard8,dog3,keyboard8-oven1,elephant9-dog3,dot,1702487.0,1741139.75,0,1
resnet50_random,keyboard8-dog3,keyboard8,dog3,keyboard8-airplane2,cat5-dog3,dot,1898727.875,1789416.875,1,0
resnet50_random,keyboard8-dog3,keyboard8,dog3,keyboard8-airplane2,cat4-dog3,dot,1898727.875,2087534.0,0,1
resnet50_random,keyboard8-dog3,keyboard8,dog3,keyboard8-airplane2,cat7-dog3,dot,1898727.875,1770182.75,1,0
resnet50_random,keyboard8-dog3,keyboard8,dog3,keyboard8-airplane2,car7-dog3,dot,1898727.875,2015854.75,0,1
resnet50_random,keyboard8-dog3,keyboard8,dog3,keyboard8-airplane2,bear3-dog3,dot,1898727.875,1739216.0,1,0
resnet50_random,keyboard8-dog3,keyboard8,dog3,keyboard8-airplane2,bear7-dog3,dot,1898727.875,1536377.625,1,0
resnet50_random,keyboard8-dog3,keyboard8,dog3,keyboard8-airplane2,boat8-dog3,dot,1898727.875,1934904.125,0,1
resnet50_random,keyboard8-dog3,keyboard8,dog3,keyboard8-airplane2,boat3-dog3,dot,1898727.875,1888555.0,1,0
resnet50_random,keyboard8-dog3,keyboard8,dog3,keyboard8-airplane2,oven2-dog3,dot,1898727.875,1524826.75,1,0
resnet50_random,keyboard8-dog3,keyboard8,dog3,keyboard8-airplane2,oven5-dog3,dot,1898727.875,1874758.25,1,0
resnet50_random,keyboard8-dog3,keyboard8,dog3,keyboard8-airplane2,oven1-dog3,dot,1898727.875,1454742.75,1,0
resnet50_random,keyboard8-dog3,keyboard8,dog3,keyboard8-airplane2,truck5-dog3,dot,1898727.875,1790507.5,1,0
resnet50_random,keyboard8-dog3,keyboard8,dog3,keyboard8-airplane2,truck3-dog3,dot,1898727.875,1776288.25,1,0
resnet50_random,keyboard8-dog3,keyboard8,dog3,keyboard8-airplane2,truck8-dog3,dot,1898727.875,1901463.0,0,1
resnet50_random,keyboard8-dog3,keyboard8,dog3,keyboard8-airplane2,bird4-dog3,dot,1898727.875,1990124.75,0,1
resnet50_random,keyboard8-dog3,keyboard8,dog3,keyboard8-airplane2,airplane10-dog3,dot,1898727.875,2123619.0,0,1
resnet50_random,keyboard8-dog3,keyboard8,dog3,keyboard8-airplane2,airplane5-dog3,dot,1898727.875,2009010.25,0,1
resnet50_random,keyboard8-dog3,keyboard8,dog3,keyboard8-airplane2,bicycle10-dog3,dot,1898727.875,2058767.25,0,1
resnet50_random,keyboard8-dog3,keyboard8,dog3,keyboard8-airplane2,bicycle1-dog3,dot,1898727.875,2130852.0,0,1
resnet50_random,keyboard8-dog3,keyboard8,dog3,keyboard8-airplane2,bottle6-dog3,dot,1898727.875,2068009.875,0,1
resnet50_random,keyboard8-dog3,keyboard8,dog3,keyboard8-airplane2,keyboard1-dog3,dot,1898727.875,1945471.0,0,1
resnet50_random,keyboard8-dog3,keyboard8,dog3,keyboard8-airplane2,keyboard5-dog3,dot,1898727.875,1689790.0,1,0
resnet50_random,keyboard8-dog3,keyboard8,dog3,keyboard8-airplane2,clock10-dog3,dot,1898727.875,2059172.75,0,1
resnet50_random,keyboard8-dog3,keyboard8,dog3,keyboard8-airplane2,elephant9-dog3,dot,1898727.875,1741139.75,1,0
resnet50_random,keyboard8-dog3,keyboard8,dog3,keyboard8-cat3,cat5-dog3,dot,1509420.25,1789416.875,0,1
resnet50_random,keyboard8-dog3,keyboard8,dog3,keyboard8-cat3,cat4-dog3,dot,1509420.25,2087534.0,0,1
resnet50_random,keyboard8-dog3,keyboard8,dog3,keyboard8-cat3,cat7-dog3,dot,1509420.25,1770182.75,0,1
resnet50_random,keyboard8-dog3,keyboard8,dog3,keyboard8-cat3,car7-dog3,dot,1509420.25,2015854.75,0,1
resnet50_random,keyboard8-dog3,keyboard8,dog3,keyboard8-cat3,bear3-dog3,dot,1509420.25,1739216.0,0,1
resnet50_random,keyboard8-dog3,keyboard8,dog3,keyboard8-cat3,bear7-dog3,dot,1509420.25,1536377.625,0,1
resnet50_random,keyboard8-dog3,keyboard8,dog3,keyboard8-cat3,boat8-dog3,dot,1509420.25,1934904.125,0,1
resnet50_random,keyboard8-dog3,keyboard8,dog3,keyboard8-cat3,boat3-dog3,dot,1509420.25,1888555.0,0,1
resnet50_random,keyboard8-dog3,keyboard8,dog3,keyboard8-cat3,oven2-dog3,dot,1509420.25,1524826.75,0,1
resnet50_random,keyboard8-dog3,keyboard8,dog3,keyboard8-cat3,oven5-dog3,dot,1509420.25,1874758.25,0,1
resnet50_random,keyboard8-dog3,keyboard8,dog3,keyboard8-cat3,oven1-dog3,dot,1509420.25,1454742.75,1,0
resnet50_random,keyboard8-dog3,keyboard8,dog3,keyboard8-cat3,truck5-dog3,dot,1509420.25,1790507.5,0,1
resnet50_random,keyboard8-dog3,keyboard8,dog3,keyboard8-cat3,truck3-dog3,dot,1509420.25,1776288.25,0,1
resnet50_random,keyboard8-dog3,keyboard8,dog3,keyboard8-cat3,truck8-dog3,dot,1509420.25,1901463.0,0,1
resnet50_random,keyboard8-dog3,keyboard8,dog3,keyboard8-cat3,bird4-dog3,dot,1509420.25,1990124.75,0,1
resnet50_random,keyboard8-dog3,keyboard8,dog3,keyboard8-cat3,airplane10-dog3,dot,1509420.25,2123619.0,0,1
resnet50_random,keyboard8-dog3,keyboard8,dog3,keyboard8-cat3,airplane5-dog3,dot,1509420.25,2009010.25,0,1
resnet50_random,keyboard8-dog3,keyboard8,dog3,keyboard8-cat3,bicycle10-dog3,dot,1509420.25,2058767.25,0,1
resnet50_random,keyboard8-dog3,keyboard8,dog3,keyboard8-cat3,bicycle1-dog3,dot,1509420.25,2130852.0,0,1
resnet50_random,keyboard8-dog3,keyboard8,dog3,keyboard8-cat3,bottle6-dog3,dot,1509420.25,2068009.875,0,1
resnet50_random,keyboard8-dog3,keyboard8,dog3,keyboard8-cat3,keyboard1-dog3,dot,1509420.25,1945471.0,0,1
resnet50_random,keyboard8-dog3,keyboard8,dog3,keyboard8-cat3,keyboard5-dog3,dot,1509420.25,1689790.0,0,1
resnet50_random,keyboard8-dog3,keyboard8,dog3,keyboard8-cat3,clock10-dog3,dot,1509420.25,2059172.75,0,1
resnet50_random,keyboard8-dog3,keyboard8,dog3,keyboard8-cat3,elephant9-dog3,dot,1509420.25,1741139.75,0,1
resnet50_random,keyboard8-dog3,keyboard8,dog3,keyboard8-truck3,cat5-dog3,dot,1808887.75,1789416.875,1,0
resnet50_random,keyboard8-dog3,keyboard8,dog3,keyboard8-truck3,cat4-dog3,dot,1808887.75,2087534.0,0,1
resnet50_random,keyboard8-dog3,keyboard8,dog3,keyboard8-truck3,cat7-dog3,dot,1808887.75,1770182.75,1,0
resnet50_random,keyboard8-dog3,keyboard8,dog3,keyboard8-truck3,car7-dog3,dot,1808887.75,2015854.75,0,1
resnet50_random,keyboard8-dog3,keyboard8,dog3,keyboard8-truck3,bear3-dog3,dot,1808887.75,1739216.0,1,0
resnet50_random,keyboard8-dog3,keyboard8,dog3,keyboard8-truck3,bear7-dog3,dot,1808887.75,1536377.625,1,0
resnet50_random,keyboard8-dog3,keyboard8,dog3,keyboard8-truck3,boat8-dog3,dot,1808887.75,1934904.125,0,1
resnet50_random,keyboard8-dog3,keyboard8,dog3,keyboard8-truck3,boat3-dog3,dot,1808887.75,1888555.0,0,1
resnet50_random,keyboard8-dog3,keyboard8,dog3,keyboard8-truck3,oven2-dog3,dot,1808887.75,1524826.75,1,0
resnet50_random,keyboard8-dog3,keyboard8,dog3,keyboard8-truck3,oven5-dog3,dot,1808887.75,1874758.25,0,1
resnet50_random,keyboard8-dog3,keyboard8,dog3,keyboard8-truck3,oven1-dog3,dot,1808887.75,1454742.75,1,0
resnet50_random,keyboard8-dog3,keyboard8,dog3,keyboard8-truck3,truck5-dog3,dot,1808887.75,1790507.5,1,0
resnet50_random,keyboard8-dog3,keyboard8,dog3,keyboard8-truck3,truck3-dog3,dot,1808887.75,1776288.25,1,0
resnet50_random,keyboard8-dog3,keyboard8,dog3,keyboard8-truck3,truck8-dog3,dot,1808887.75,1901463.0,0,1
resnet50_random,keyboard8-dog3,keyboard8,dog3,keyboard8-truck3,bird4-dog3,dot,1808887.75,1990124.75,0,1
resnet50_random,keyboard8-dog3,keyboard8,dog3,keyboard8-truck3,airplane10-dog3,dot,1808887.75,2123619.0,0,1
resnet50_random,keyboard8-dog3,keyboard8,dog3,keyboard8-truck3,airplane5-dog3,dot,1808887.75,2009010.25,0,1
resnet50_random,keyboard8-dog3,keyboard8,dog3,keyboard8-truck3,bicycle10-dog3,dot,1808887.75,2058767.25,0,1
resnet50_random,keyboard8-dog3,keyboard8,dog3,keyboard8-truck3,bicycle1-dog3,dot,1808887.75,2130852.0,0,1
resnet50_random,keyboard8-dog3,keyboard8,dog3,keyboard8-truck3,bottle6-dog3,dot,1808887.75,2068009.875,0,1
resnet50_random,keyboard8-dog3,keyboard8,dog3,keyboard8-truck3,keyboard1-dog3,dot,1808887.75,1945471.0,0,1
resnet50_random,keyboard8-dog3,keyboard8,dog3,keyboard8-truck3,keyboard5-dog3,dot,1808887.75,1689790.0,1,0
resnet50_random,keyboard8-dog3,keyboard8,dog3,keyboard8-truck3,clock10-dog3,dot,1808887.75,2059172.75,0,1
resnet50_random,keyboard8-dog3,keyboard8,dog3,keyboard8-truck3,elephant9-dog3,dot,1808887.75,1741139.75,1,0
resnet50_random,keyboard8-dog3,keyboard8,dog3,keyboard8-chair2,cat5-dog3,cos,0.9989635944366455,0.9993942975997925,0,1
resnet50_random,keyboard8-dog3,keyboard8,dog3,keyboard8-chair2,cat4-dog3,cos,0.9989635944366455,0.9987238049507141,1,0
resnet50_random,keyboard8-dog3,keyboard8,dog3,keyboard8-chair2,cat7-dog3,cos,0.9989635944366455,0.9990913271903992,0,1
resnet50_random,keyboard8-dog3,keyboard8,dog3,keyboard8-chair2,car7-dog3,cos,0.9989635944366455,0.9991483688354492,0,1
resnet50_random,keyboard8-dog3,keyboard8,dog3,keyboard8-chair2,bear3-dog3,cos,0.9989635944366455,0.9981229305267334,1,0
resnet50_random,keyboard8-dog3,keyboard8,dog3,keyboard8-chair2,bear7-dog3,cos,0.9989635944366455,0.9963402152061462,1,0
resnet50_random,keyboard8-dog3,keyboard8,dog3,keyboard8-chair2,boat8-dog3,cos,0.9989635944366455,0.9991718530654907,0,1
resnet50_random,keyboard8-dog3,keyboard8,dog3,keyboard8-chair2,boat3-dog3,cos,0.9989635944366455,0.9995406270027161,0,1
resnet50_random,keyboard8-dog3,keyboard8,dog3,keyboard8-chair2,oven2-dog3,cos,0.9989635944366455,0.9984932541847229,1,0
resnet50_random,keyboard8-dog3,keyboard8,dog3,keyboard8-chair2,oven5-dog3,cos,0.9989635944366455,0.9992722868919373,0,1
resnet50_random,keyboard8-dog3,keyboard8,dog3,keyboard8-chair2,oven1-dog3,cos,0.9989635944366455,0.9989525675773621,1,0
resnet50_random,keyboard8-dog3,keyboard8,dog3,keyboard8-chair2,truck5-dog3,cos,0.9989635944366455,0.9990844130516052,0,1
resnet50_random,keyboard8-dog3,keyboard8,dog3,keyboard8-chair2,truck3-dog3,cos,0.9989635944366455,0.999114990234375,0,1
resnet50_random,keyboard8-dog3,keyboard8,dog3,keyboard8-chair2,truck8-dog3,cos,0.9989635944366455,0.9990431666374207,0,1
resnet50_random,keyboard8-dog3,keyboard8,dog3,keyboard8-chair2,bird4-dog3,cos,0.9989635944366455,0.9992119669914246,0,1
resnet50_random,keyboard8-dog3,keyboard8,dog3,keyboard8-chair2,airplane10-dog3,cos,0.9989635944366455,0.9985909461975098,1,0
resnet50_random,keyboard8-dog3,keyboard8,dog3,keyboard8-chair2,airplane5-dog3,cos,0.9989635944366455,0.9991508722305298,0,1
resnet50_random,keyboard8-dog3,keyboard8,dog3,keyboard8-chair2,bicycle10-dog3,cos,0.9989635944366455,0.9988689422607422,1,0
resnet50_random,keyboard8-dog3,keyboard8,dog3,keyboard8-chair2,bicycle1-dog3,cos,0.9989635944366455,0.9987155199050903,1,0
resnet50_random,keyboard8-dog3,keyboard8,dog3,keyboard8-chair2,bottle6-dog3,cos,0.9989635944366455,0.9986933469772339,1,0
resnet50_random,keyboard8-dog3,keyboard8,dog3,keyboard8-chair2,keyboard1-dog3,cos,0.9989635944366455,0.9992266893386841,0,1
resnet50_random,keyboard8-dog3,keyboard8,dog3,keyboard8-chair2,keyboard5-dog3,cos,0.9989635944366455,0.9973150491714478,1,0
resnet50_random,keyboard8-dog3,keyboard8,dog3,keyboard8-chair2,clock10-dog3,cos,0.9989635944366455,0.9989452362060547,1,0
resnet50_random,keyboard8-dog3,keyboard8,dog3,keyboard8-chair2,elephant9-dog3,cos,0.9989635944366455,0.9983172416687012,1,0
resnet50_random,keyboard8-dog3,keyboard8,dog3,keyboard8-oven1,cat5-dog3,cos,0.9994128942489624,0.9993942975997925,1,0
resnet50_random,keyboard8-dog3,keyboard8,dog3,keyboard8-oven1,cat4-dog3,cos,0.9994128942489624,0.9987238049507141,1,0
resnet50_random,keyboard8-dog3,keyboard8,dog3,keyboard8-oven1,cat7-dog3,cos,0.9994128942489624,0.9990913271903992,1,0
resnet50_random,keyboard8-dog3,keyboard8,dog3,keyboard8-oven1,car7-dog3,cos,0.9994128942489624,0.9991483688354492,1,0
resnet50_random,keyboard8-dog3,keyboard8,dog3,keyboard8-oven1,bear3-dog3,cos,0.9994128942489624,0.9981229305267334,1,0
resnet50_random,keyboard8-dog3,keyboard8,dog3,keyboard8-oven1,bear7-dog3,cos,0.9994128942489624,0.9963402152061462,1,0
resnet50_random,keyboard8-dog3,keyboard8,dog3,keyboard8-oven1,boat8-dog3,cos,0.9994128942489624,0.9991718530654907,1,0
resnet50_random,keyboard8-dog3,keyboard8,dog3,keyboard8-oven1,boat3-dog3,cos,0.9994128942489624,0.9995406270027161,0,1
resnet50_random,keyboard8-dog3,keyboard8,dog3,keyboard8-oven1,oven2-dog3,cos,0.9994128942489624,0.9984932541847229,1,0
resnet50_random,keyboard8-dog3,keyboard8,dog3,keyboard8-oven1,oven5-dog3,cos,0.9994128942489624,0.9992722868919373,1,0
resnet50_random,keyboard8-dog3,keyboard8,dog3,keyboard8-oven1,oven1-dog3,cos,0.9994128942489624,0.9989525675773621,1,0
resnet50_random,keyboard8-dog3,keyboard8,dog3,keyboard8-oven1,truck5-dog3,cos,0.9994128942489624,0.9990844130516052,1,0
resnet50_random,keyboard8-dog3,keyboard8,dog3,keyboard8-oven1,truck3-dog3,cos,0.9994128942489624,0.999114990234375,1,0
resnet50_random,keyboard8-dog3,keyboard8,dog3,keyboard8-oven1,truck8-dog3,cos,0.9994128942489624,0.9990431666374207,1,0
resnet50_random,keyboard8-dog3,keyboard8,dog3,keyboard8-oven1,bird4-dog3,cos,0.9994128942489624,0.9992119669914246,1,0
resnet50_random,keyboard8-dog3,keyboard8,dog3,keyboard8-oven1,airplane10-dog3,cos,0.9994128942489624,0.9985909461975098,1,0
resnet50_random,keyboard8-dog3,keyboard8,dog3,keyboard8-oven1,airplane5-dog3,cos,0.9994128942489624,0.9991508722305298,1,0
resnet50_random,keyboard8-dog3,keyboard8,dog3,keyboard8-oven1,bicycle10-dog3,cos,0.9994128942489624,0.9988689422607422,1,0
resnet50_random,keyboard8-dog3,keyboard8,dog3,keyboard8-oven1,bicycle1-dog3,cos,0.9994128942489624,0.9987155199050903,1,0
resnet50_random,keyboard8-dog3,keyboard8,dog3,keyboard8-oven1,bottle6-dog3,cos,0.9994128942489624,0.9986933469772339,1,0
resnet50_random,keyboard8-dog3,keyboard8,dog3,keyboard8-oven1,keyboard1-dog3,cos,0.9994128942489624,0.9992266893386841,1,0
resnet50_random,keyboard8-dog3,keyboard8,dog3,keyboard8-oven1,keyboard5-dog3,cos,0.9994128942489624,0.9973150491714478,1,0
resnet50_random,keyboard8-dog3,keyboard8,dog3,keyboard8-oven1,clock10-dog3,cos,0.9994128942489624,0.9989452362060547,1,0
resnet50_random,keyboard8-dog3,keyboard8,dog3,keyboard8-oven1,elephant9-dog3,cos,0.9994128942489624,0.9983172416687012,1,0
resnet50_random,keyboard8-dog3,keyboard8,dog3,keyboard8-airplane2,cat5-dog3,cos,0.9993200302124023,0.9993942975997925,0,1
resnet50_random,keyboard8-dog3,keyboard8,dog3,keyboard8-airplane2,cat4-dog3,cos,0.9993200302124023,0.9987238049507141,1,0
resnet50_random,keyboard8-dog3,keyboard8,dog3,keyboard8-airplane2,cat7-dog3,cos,0.9993200302124023,0.9990913271903992,1,0
resnet50_random,keyboard8-dog3,keyboard8,dog3,keyboard8-airplane2,car7-dog3,cos,0.9993200302124023,0.9991483688354492,1,0
resnet50_random,keyboard8-dog3,keyboard8,dog3,keyboard8-airplane2,bear3-dog3,cos,0.9993200302124023,0.9981229305267334,1,0
resnet50_random,keyboard8-dog3,keyboard8,dog3,keyboard8-airplane2,bear7-dog3,cos,0.9993200302124023,0.9963402152061462,1,0
resnet50_random,keyboard8-dog3,keyboard8,dog3,keyboard8-airplane2,boat8-dog3,cos,0.9993200302124023,0.9991718530654907,1,0
resnet50_random,keyboard8-dog3,keyboard8,dog3,keyboard8-airplane2,boat3-dog3,cos,0.9993200302124023,0.9995406270027161,0,1
resnet50_random,keyboard8-dog3,keyboard8,dog3,keyboard8-airplane2,oven2-dog3,cos,0.9993200302124023,0.9984932541847229,1,0
resnet50_random,keyboard8-dog3,keyboard8,dog3,keyboard8-airplane2,oven5-dog3,cos,0.9993200302124023,0.9992722868919373,1,0
resnet50_random,keyboard8-dog3,keyboard8,dog3,keyboard8-airplane2,oven1-dog3,cos,0.9993200302124023,0.9989525675773621,1,0
resnet50_random,keyboard8-dog3,keyboard8,dog3,keyboard8-airplane2,truck5-dog3,cos,0.9993200302124023,0.9990844130516052,1,0
resnet50_random,keyboard8-dog3,keyboard8,dog3,keyboard8-airplane2,truck3-dog3,cos,0.9993200302124023,0.999114990234375,1,0
resnet50_random,keyboard8-dog3,keyboard8,dog3,keyboard8-airplane2,truck8-dog3,cos,0.9993200302124023,0.9990431666374207,1,0
resnet50_random,keyboard8-dog3,keyboard8,dog3,keyboard8-airplane2,bird4-dog3,cos,0.9993200302124023,0.9992119669914246,1,0
resnet50_random,keyboard8-dog3,keyboard8,dog3,keyboard8-airplane2,airplane10-dog3,cos,0.9993200302124023,0.9985909461975098,1,0
resnet50_random,keyboard8-dog3,keyboard8,dog3,keyboard8-airplane2,airplane5-dog3,cos,0.9993200302124023,0.9991508722305298,1,0
resnet50_random,keyboard8-dog3,keyboard8,dog3,keyboard8-airplane2,bicycle10-dog3,cos,0.9993200302124023,0.9988689422607422,1,0
resnet50_random,keyboard8-dog3,keyboard8,dog3,keyboard8-airplane2,bicycle1-dog3,cos,0.9993200302124023,0.9987155199050903,1,0
resnet50_random,keyboard8-dog3,keyboard8,dog3,keyboard8-airplane2,bottle6-dog3,cos,0.9993200302124023,0.9986933469772339,1,0
resnet50_random,keyboard8-dog3,keyboard8,dog3,keyboard8-airplane2,keyboard1-dog3,cos,0.9993200302124023,0.9992266893386841,1,0
resnet50_random,keyboard8-dog3,keyboard8,dog3,keyboard8-airplane2,keyboard5-dog3,cos,0.9993200302124023,0.9973150491714478,1,0
resnet50_random,keyboard8-dog3,keyboard8,dog3,keyboard8-airplane2,clock10-dog3,cos,0.9993200302124023,0.9989452362060547,1,0
resnet50_random,keyboard8-dog3,keyboard8,dog3,keyboard8-airplane2,elephant9-dog3,cos,0.9993200302124023,0.9983172416687012,1,0
resnet50_random,keyboard8-dog3,keyboard8,dog3,keyboard8-cat3,cat5-dog3,cos,0.9996972680091858,0.9993942975997925,1,0
resnet50_random,keyboard8-dog3,keyboard8,dog3,keyboard8-cat3,cat4-dog3,cos,0.9996972680091858,0.9987238049507141,1,0
resnet50_random,keyboard8-dog3,keyboard8,dog3,keyboard8-cat3,cat7-dog3,cos,0.9996972680091858,0.9990913271903992,1,0
resnet50_random,keyboard8-dog3,keyboard8,dog3,keyboard8-cat3,car7-dog3,cos,0.9996972680091858,0.9991483688354492,1,0
resnet50_random,keyboard8-dog3,keyboard8,dog3,keyboard8-cat3,bear3-dog3,cos,0.9996972680091858,0.9981229305267334,1,0
resnet50_random,keyboard8-dog3,keyboard8,dog3,keyboard8-cat3,bear7-dog3,cos,0.9996972680091858,0.9963402152061462,1,0
resnet50_random,keyboard8-dog3,keyboard8,dog3,keyboard8-cat3,boat8-dog3,cos,0.9996972680091858,0.9991718530654907,1,0
resnet50_random,keyboard8-dog3,keyboard8,dog3,keyboard8-cat3,boat3-dog3,cos,0.9996972680091858,0.9995406270027161,1,0
resnet50_random,keyboard8-dog3,keyboard8,dog3,keyboard8-cat3,oven2-dog3,cos,0.9996972680091858,0.9984932541847229,1,0
resnet50_random,keyboard8-dog3,keyboard8,dog3,keyboard8-cat3,oven5-dog3,cos,0.9996972680091858,0.9992722868919373,1,0
resnet50_random,keyboard8-dog3,keyboard8,dog3,keyboard8-cat3,oven1-dog3,cos,0.9996972680091858,0.9989525675773621,1,0
resnet50_random,keyboard8-dog3,keyboard8,dog3,keyboard8-cat3,truck5-dog3,cos,0.9996972680091858,0.9990844130516052,1,0
resnet50_random,keyboard8-dog3,keyboard8,dog3,keyboard8-cat3,truck3-dog3,cos,0.9996972680091858,0.999114990234375,1,0
resnet50_random,keyboard8-dog3,keyboard8,dog3,keyboard8-cat3,truck8-dog3,cos,0.9996972680091858,0.9990431666374207,1,0
resnet50_random,keyboard8-dog3,keyboard8,dog3,keyboard8-cat3,bird4-dog3,cos,0.9996972680091858,0.9992119669914246,1,0
resnet50_random,keyboard8-dog3,keyboard8,dog3,keyboard8-cat3,airplane10-dog3,cos,0.9996972680091858,0.9985909461975098,1,0
resnet50_random,keyboard8-dog3,keyboard8,dog3,keyboard8-cat3,airplane5-dog3,cos,0.9996972680091858,0.9991508722305298,1,0
resnet50_random,keyboard8-dog3,keyboard8,dog3,keyboard8-cat3,bicycle10-dog3,cos,0.9996972680091858,0.9988689422607422,1,0
resnet50_random,keyboard8-dog3,keyboard8,dog3,keyboard8-cat3,bicycle1-dog3,cos,0.9996972680091858,0.9987155199050903,1,0
resnet50_random,keyboard8-dog3,keyboard8,dog3,keyboard8-cat3,bottle6-dog3,cos,0.9996972680091858,0.9986933469772339,1,0
resnet50_random,keyboard8-dog3,keyboard8,dog3,keyboard8-cat3,keyboard1-dog3,cos,0.9996972680091858,0.9992266893386841,1,0
resnet50_random,keyboard8-dog3,keyboard8,dog3,keyboard8-cat3,keyboard5-dog3,cos,0.9996972680091858,0.9973150491714478,1,0
resnet50_random,keyboard8-dog3,keyboard8,dog3,keyboard8-cat3,clock10-dog3,cos,0.9996972680091858,0.9989452362060547,1,0
resnet50_random,keyboard8-dog3,keyboard8,dog3,keyboard8-cat3,elephant9-dog3,cos,0.9996972680091858,0.9983172416687012,1,0
resnet50_random,keyboard8-dog3,keyboard8,dog3,keyboard8-truck3,cat5-dog3,cos,0.999499499797821,0.9993942975997925,1,0
resnet50_random,keyboard8-dog3,keyboard8,dog3,keyboard8-truck3,cat4-dog3,cos,0.999499499797821,0.9987238049507141,1,0
resnet50_random,keyboard8-dog3,keyboard8,dog3,keyboard8-truck3,cat7-dog3,cos,0.999499499797821,0.9990913271903992,1,0
resnet50_random,keyboard8-dog3,keyboard8,dog3,keyboard8-truck3,car7-dog3,cos,0.999499499797821,0.9991483688354492,1,0
resnet50_random,keyboard8-dog3,keyboard8,dog3,keyboard8-truck3,bear3-dog3,cos,0.999499499797821,0.9981229305267334,1,0
resnet50_random,keyboard8-dog3,keyboard8,dog3,keyboard8-truck3,bear7-dog3,cos,0.999499499797821,0.9963402152061462,1,0
resnet50_random,keyboard8-dog3,keyboard8,dog3,keyboard8-truck3,boat8-dog3,cos,0.999499499797821,0.9991718530654907,1,0
resnet50_random,keyboard8-dog3,keyboard8,dog3,keyboard8-truck3,boat3-dog3,cos,0.999499499797821,0.9995406270027161,0,1
resnet50_random,keyboard8-dog3,keyboard8,dog3,keyboard8-truck3,oven2-dog3,cos,0.999499499797821,0.9984932541847229,1,0
resnet50_random,keyboard8-dog3,keyboard8,dog3,keyboard8-truck3,oven5-dog3,cos,0.999499499797821,0.9992722868919373,1,0
resnet50_random,keyboard8-dog3,keyboard8,dog3,keyboard8-truck3,oven1-dog3,cos,0.999499499797821,0.9989525675773621,1,0
resnet50_random,keyboard8-dog3,keyboard8,dog3,keyboard8-truck3,truck5-dog3,cos,0.999499499797821,0.9990844130516052,1,0
resnet50_random,keyboard8-dog3,keyboard8,dog3,keyboard8-truck3,truck3-dog3,cos,0.999499499797821,0.999114990234375,1,0
resnet50_random,keyboard8-dog3,keyboard8,dog3,keyboard8-truck3,truck8-dog3,cos,0.999499499797821,0.9990431666374207,1,0
resnet50_random,keyboard8-dog3,keyboard8,dog3,keyboard8-truck3,bird4-dog3,cos,0.999499499797821,0.9992119669914246,1,0
resnet50_random,keyboard8-dog3,keyboard8,dog3,keyboard8-truck3,airplane10-dog3,cos,0.999499499797821,0.9985909461975098,1,0
resnet50_random,keyboard8-dog3,keyboard8,dog3,keyboard8-truck3,airplane5-dog3,cos,0.999499499797821,0.9991508722305298,1,0
resnet50_random,keyboard8-dog3,keyboard8,dog3,keyboard8-truck3,bicycle10-dog3,cos,0.999499499797821,0.9988689422607422,1,0
resnet50_random,keyboard8-dog3,keyboard8,dog3,keyboard8-truck3,bicycle1-dog3,cos,0.999499499797821,0.9987155199050903,1,0
resnet50_random,keyboard8-dog3,keyboard8,dog3,keyboard8-truck3,bottle6-dog3,cos,0.999499499797821,0.9986933469772339,1,0
resnet50_random,keyboard8-dog3,keyboard8,dog3,keyboard8-truck3,keyboard1-dog3,cos,0.999499499797821,0.9992266893386841,1,0
resnet50_random,keyboard8-dog3,keyboard8,dog3,keyboard8-truck3,keyboard5-dog3,cos,0.999499499797821,0.9973150491714478,1,0
resnet50_random,keyboard8-dog3,keyboard8,dog3,keyboard8-truck3,clock10-dog3,cos,0.999499499797821,0.9989452362060547,1,0
resnet50_random,keyboard8-dog3,keyboard8,dog3,keyboard8-truck3,elephant9-dog3,cos,0.999499499797821,0.9983172416687012,1,0
resnet50_random,keyboard8-dog3,keyboard8,dog3,keyboard8-chair2,cat5-dog3,ed,63.32726287841797,48.49991226196289,0,1
resnet50_random,keyboard8-dog3,keyboard8,dog3,keyboard8-chair2,cat4-dog3,ed,63.32726287841797,249.5753631591797,1,0
resnet50_random,keyboard8-dog3,keyboard8,dog3,keyboard8-chair2,cat7-dog3,ed,63.32726287841797,56.74345016479492,0,1
resnet50_random,keyboard8-dog3,keyboard8,dog3,keyboard8-chair2,car7-dog3,ed,63.32726287841797,193.20330810546875,1,0
resnet50_random,keyboard8-dog3,keyboard8,dog3,keyboard8-chair2,bear3-dog3,ed,63.32726287841797,83.95806121826172,1,0
resnet50_random,keyboard8-dog3,keyboard8,dog3,keyboard8-chair2,bear7-dog3,ed,63.32726287841797,203.1037139892578,1,0
resnet50_random,keyboard8-dog3,keyboard8,dog3,keyboard8-chair2,boat8-dog3,ed,63.32726287841797,135.598876953125,1,0
resnet50_random,keyboard8-dog3,keyboard8,dog3,keyboard8-chair2,boat3-dog3,ed,63.32726287841797,97.21939086914062,1,0
resnet50_random,keyboard8-dog3,keyboard8,dog3,keyboard8-chair2,oven2-dog3,ed,63.32726287841797,196.37669372558594,1,0
resnet50_random,keyboard8-dog3,keyboard8,dog3,keyboard8-chair2,oven5-dog3,ed,63.32726287841797,93.75861358642578,1,0
resnet50_random,keyboard8-dog3,keyboard8,dog3,keyboard8-chair2,oven1-dog3,ed,63.32726287841797,243.8499755859375,1,0
resnet50_random,keyboard8-dog3,keyboard8,dog3,keyboard8-chair2,truck5-dog3,ed,63.32726287841797,59.160831451416016,0,1
resnet50_random,keyboard8-dog3,keyboard8,dog3,keyboard8-chair2,truck3-dog3,ed,63.32726287841797,56.23894500732422,0,1
resnet50_random,keyboard8-dog3,keyboard8,dog3,keyboard8-chair2,truck8-dog3,ed,63.32726287841797,115.30545043945312,1,0
resnet50_random,keyboard8-dog3,keyboard8,dog3,keyboard8-chair2,bird4-dog3,ed,63.32726287841797,173.92782592773438,1,0
resnet50_random,keyboard8-dog3,keyboard8,dog3,keyboard8-chair2,airplane10-dog3,ed,63.32726287841797,277.0348815917969,1,0
resnet50_random,keyboard8-dog3,keyboard8,dog3,keyboard8-chair2,airplane5-dog3,ed,63.32726287841797,188.2457733154297,1,0
resnet50_random,keyboard8-dog3,keyboard8,dog3,keyboard8-chair2,bicycle10-dog3,ed,63.32726287841797,227.28663635253906,1,0
resnet50_random,keyboard8-dog3,keyboard8,dog3,keyboard8-chair2,bicycle1-dog3,ed,63.32726287841797,281.1610107421875,1,0
resnet50_random,keyboard8-dog3,keyboard8,dog3,keyboard8-chair2,bottle6-dog3,ed,63.32726287841797,235.7810821533203,1,0
resnet50_random,keyboard8-dog3,keyboard8,dog3,keyboard8-chair2,keyboard1-dog3,ed,63.32726287841797,142.0920867919922,1,0
resnet50_random,keyboard8-dog3,keyboard8,dog3,keyboard8-chair2,keyboard5-dog3,ed,63.32726287841797,111.99706268310547,1,0
resnet50_random,keyboard8-dog3,keyboard8,dog3,keyboard8-chair2,clock10-dog3,ed,63.32726287841797,226.7743682861328,1,0
resnet50_random,keyboard8-dog3,keyboard8,dog3,keyboard8-chair2,elephant9-dog3,ed,63.32726287841797,79.52883911132812,1,0
resnet50_random,keyboard8-dog3,keyboard8,dog3,keyboard8-oven1,cat5-dog3,ed,68.44956970214844,48.49991226196289,0,1
resnet50_random,keyboard8-dog3,keyboard8,dog3,keyboard8-oven1,cat4-dog3,ed,68.44956970214844,249.5753631591797,1,0
resnet50_random,keyboard8-dog3,keyboard8,dog3,keyboard8-oven1,cat7-dog3,ed,68.44956970214844,56.74345016479492,0,1
resnet50_random,keyboard8-dog3,keyboard8,dog3,keyboard8-oven1,car7-dog3,ed,68.44956970214844,193.20330810546875,1,0
resnet50_random,keyboard8-dog3,keyboard8,dog3,keyboard8-oven1,bear3-dog3,ed,68.44956970214844,83.95806121826172,1,0
resnet50_random,keyboard8-dog3,keyboard8,dog3,keyboard8-oven1,bear7-dog3,ed,68.44956970214844,203.1037139892578,1,0
resnet50_random,keyboard8-dog3,keyboard8,dog3,keyboard8-oven1,boat8-dog3,ed,68.44956970214844,135.598876953125,1,0
resnet50_random,keyboard8-dog3,keyboard8,dog3,keyboard8-oven1,boat3-dog3,ed,68.44956970214844,97.21939086914062,1,0
resnet50_random,keyboard8-dog3,keyboard8,dog3,keyboard8-oven1,oven2-dog3,ed,68.44956970214844,196.37669372558594,1,0
resnet50_random,keyboard8-dog3,keyboard8,dog3,keyboard8-oven1,oven5-dog3,ed,68.44956970214844,93.75861358642578,1,0
resnet50_random,keyboard8-dog3,keyboard8,dog3,keyboard8-oven1,oven1-dog3,ed,68.44956970214844,243.8499755859375,1,0
resnet50_random,keyboard8-dog3,keyboard8,dog3,keyboard8-oven1,truck5-dog3,ed,68.44956970214844,59.160831451416016,0,1
resnet50_random,keyboard8-dog3,keyboard8,dog3,keyboard8-oven1,truck3-dog3,ed,68.44956970214844,56.23894500732422,0,1
resnet50_random,keyboard8-dog3,keyboard8,dog3,keyboard8-oven1,truck8-dog3,ed,68.44956970214844,115.30545043945312,1,0
resnet50_random,keyboard8-dog3,keyboard8,dog3,keyboard8-oven1,bird4-dog3,ed,68.44956970214844,173.92782592773438,1,0
resnet50_random,keyboard8-dog3,keyboard8,dog3,keyboard8-oven1,airplane10-dog3,ed,68.44956970214844,277.0348815917969,1,0
resnet50_random,keyboard8-dog3,keyboard8,dog3,keyboard8-oven1,airplane5-dog3,ed,68.44956970214844,188.2457733154297,1,0
resnet50_random,keyboard8-dog3,keyboard8,dog3,keyboard8-oven1,bicycle10-dog3,ed,68.44956970214844,227.28663635253906,1,0
resnet50_random,keyboard8-dog3,keyboard8,dog3,keyboard8-oven1,bicycle1-dog3,ed,68.44956970214844,281.1610107421875,1,0
resnet50_random,keyboard8-dog3,keyboard8,dog3,keyboard8-oven1,bottle6-dog3,ed,68.44956970214844,235.7810821533203,1,0
resnet50_random,keyboard8-dog3,keyboard8,dog3,keyboard8-oven1,keyboard1-dog3,ed,68.44956970214844,142.0920867919922,1,0
resnet50_random,keyboard8-dog3,keyboard8,dog3,keyboard8-oven1,keyboard5-dog3,ed,68.44956970214844,111.99706268310547,1,0
resnet50_random,keyboard8-dog3,keyboard8,dog3,keyboard8-oven1,clock10-dog3,ed,68.44956970214844,226.7743682861328,1,0
resnet50_random,keyboard8-dog3,keyboard8,dog3,keyboard8-oven1,elephant9-dog3,ed,68.44956970214844,79.52883911132812,1,0
resnet50_random,keyboard8-dog3,keyboard8,dog3,keyboard8-airplane2,cat5-dog3,ed,108.44929504394531,48.49991226196289,0,1
resnet50_random,keyboard8-dog3,keyboard8,dog3,keyboard8-airplane2,cat4-dog3,ed,108.44929504394531,249.5753631591797,1,0
resnet50_random,keyboard8-dog3,keyboard8,dog3,keyboard8-airplane2,cat7-dog3,ed,108.44929504394531,56.74345016479492,0,1
resnet50_random,keyboard8-dog3,keyboard8,dog3,keyboard8-airplane2,car7-dog3,ed,108.44929504394531,193.20330810546875,1,0
resnet50_random,keyboard8-dog3,keyboard8,dog3,keyboard8-airplane2,bear3-dog3,ed,108.44929504394531,83.95806121826172,0,1
resnet50_random,keyboard8-dog3,keyboard8,dog3,keyboard8-airplane2,bear7-dog3,ed,108.44929504394531,203.1037139892578,1,0
resnet50_random,keyboard8-dog3,keyboard8,dog3,keyboard8-airplane2,boat8-dog3,ed,108.44929504394531,135.598876953125,1,0
resnet50_random,keyboard8-dog3,keyboard8,dog3,keyboard8-airplane2,boat3-dog3,ed,108.44929504394531,97.21939086914062,0,1
resnet50_random,keyboard8-dog3,keyboard8,dog3,keyboard8-airplane2,oven2-dog3,ed,108.44929504394531,196.37669372558594,1,0
resnet50_random,keyboard8-dog3,keyboard8,dog3,keyboard8-airplane2,oven5-dog3,ed,108.44929504394531,93.75861358642578,0,1
resnet50_random,keyboard8-dog3,keyboard8,dog3,keyboard8-airplane2,oven1-dog3,ed,108.44929504394531,243.8499755859375,1,0
resnet50_random,keyboard8-dog3,keyboard8,dog3,keyboard8-airplane2,truck5-dog3,ed,108.44929504394531,59.160831451416016,0,1
resnet50_random,keyboard8-dog3,keyboard8,dog3,keyboard8-airplane2,truck3-dog3,ed,108.44929504394531,56.23894500732422,0,1
resnet50_random,keyboard8-dog3,keyboard8,dog3,keyboard8-airplane2,truck8-dog3,ed,108.44929504394531,115.30545043945312,1,0
resnet50_random,keyboard8-dog3,keyboard8,dog3,keyboard8-airplane2,bird4-dog3,ed,108.44929504394531,173.92782592773438,1,0
resnet50_random,keyboard8-dog3,keyboard8,dog3,keyboard8-airplane2,airplane10-dog3,ed,108.44929504394531,277.0348815917969,1,0
resnet50_random,keyboard8-dog3,keyboard8,dog3,keyboard8-airplane2,airplane5-dog3,ed,108.44929504394531,188.2457733154297,1,0
resnet50_random,keyboard8-dog3,keyboard8,dog3,keyboard8-airplane2,bicycle10-dog3,ed,108.44929504394531,227.28663635253906,1,0
resnet50_random,keyboard8-dog3,keyboard8,dog3,keyboard8-airplane2,bicycle1-dog3,ed,108.44929504394531,281.1610107421875,1,0
resnet50_random,keyboard8-dog3,keyboard8,dog3,keyboard8-airplane2,bottle6-dog3,ed,108.44929504394531,235.7810821533203,1,0
resnet50_random,keyboard8-dog3,keyboard8,dog3,keyboard8-airplane2,keyboard1-dog3,ed,108.44929504394531,142.0920867919922,1,0
resnet50_random,keyboard8-dog3,keyboard8,dog3,keyboard8-airplane2,keyboard5-dog3,ed,108.44929504394531,111.99706268310547,1,0
resnet50_random,keyboard8-dog3,keyboard8,dog3,keyboard8-airplane2,clock10-dog3,ed,108.44929504394531,226.7743682861328,1,0
resnet50_random,keyboard8-dog3,keyboard8,dog3,keyboard8-airplane2,elephant9-dog3,ed,108.44929504394531,79.52883911132812,0,1
resnet50_random,keyboard8-dog3,keyboard8,dog3,keyboard8-cat3,cat5-dog3,ed,199.5492706298828,48.49991226196289,0,1
resnet50_random,keyboard8-dog3,keyboard8,dog3,keyboard8-cat3,cat4-dog3,ed,199.5492706298828,249.5753631591797,1,0
resnet50_random,keyboard8-dog3,keyboard8,dog3,keyboard8-cat3,cat7-dog3,ed,199.5492706298828,56.74345016479492,0,1
resnet50_random,keyboard8-dog3,keyboard8,dog3,keyboard8-cat3,car7-dog3,ed,199.5492706298828,193.20330810546875,0,1
resnet50_random,keyboard8-dog3,keyboard8,dog3,keyboard8-cat3,bear3-dog3,ed,199.5492706298828,83.95806121826172,0,1
resnet50_random,keyboard8-dog3,keyboard8,dog3,keyboard8-cat3,bear7-dog3,ed,199.5492706298828,203.1037139892578,1,0
resnet50_random,keyboard8-dog3,keyboard8,dog3,keyboard8-cat3,boat8-dog3,ed,199.5492706298828,135.598876953125,0,1
resnet50_random,keyboard8-dog3,keyboard8,dog3,keyboard8-cat3,boat3-dog3,ed,199.5492706298828,97.21939086914062,0,1
resnet50_random,keyboard8-dog3,keyboard8,dog3,keyboard8-cat3,oven2-dog3,ed,199.5492706298828,196.37669372558594,0,1
resnet50_random,keyboard8-dog3,keyboard8,dog3,keyboard8-cat3,oven5-dog3,ed,199.5492706298828,93.75861358642578,0,1
resnet50_random,keyboard8-dog3,keyboard8,dog3,keyboard8-cat3,oven1-dog3,ed,199.5492706298828,243.8499755859375,1,0
resnet50_random,keyboard8-dog3,keyboard8,dog3,keyboard8-cat3,truck5-dog3,ed,199.5492706298828,59.160831451416016,0,1
resnet50_random,keyboard8-dog3,keyboard8,dog3,keyboard8-cat3,truck3-dog3,ed,199.5492706298828,56.23894500732422,0,1
resnet50_random,keyboard8-dog3,keyboard8,dog3,keyboard8-cat3,truck8-dog3,ed,199.5492706298828,115.30545043945312,0,1
resnet50_random,keyboard8-dog3,keyboard8,dog3,keyboard8-cat3,bird4-dog3,ed,199.5492706298828,173.92782592773438,0,1
resnet50_random,keyboard8-dog3,keyboard8,dog3,keyboard8-cat3,airplane10-dog3,ed,199.5492706298828,277.0348815917969,1,0
resnet50_random,keyboard8-dog3,keyboard8,dog3,keyboard8-cat3,airplane5-dog3,ed,199.5492706298828,188.2457733154297,0,1
resnet50_random,keyboard8-dog3,keyboard8,dog3,keyboard8-cat3,bicycle10-dog3,ed,199.5492706298828,227.28663635253906,1,0
resnet50_random,keyboard8-dog3,keyboard8,dog3,keyboard8-cat3,bicycle1-dog3,ed,199.5492706298828,281.1610107421875,1,0
resnet50_random,keyboard8-dog3,keyboard8,dog3,keyboard8-cat3,bottle6-dog3,ed,199.5492706298828,235.7810821533203,1,0
resnet50_random,keyboard8-dog3,keyboard8,dog3,keyboard8-cat3,keyboard1-dog3,ed,199.5492706298828,142.0920867919922,0,1
resnet50_random,keyboard8-dog3,keyboard8,dog3,keyboard8-cat3,keyboard5-dog3,ed,199.5492706298828,111.99706268310547,0,1
resnet50_random,keyboard8-dog3,keyboard8,dog3,keyboard8-cat3,clock10-dog3,ed,199.5492706298828,226.7743682861328,1,0
resnet50_random,keyboard8-dog3,keyboard8,dog3,keyboard8-cat3,elephant9-dog3,ed,199.5492706298828,79.52883911132812,0,1
resnet50_random,keyboard8-dog3,keyboard8,dog3,keyboard8-truck3,cat5-dog3,ed,50.96444320678711,48.49991226196289,0,1
resnet50_random,keyboard8-dog3,keyboard8,dog3,keyboard8-truck3,cat4-dog3,ed,50.96444320678711,249.5753631591797,1,0
resnet50_random,keyboard8-dog3,keyboard8,dog3,keyboard8-truck3,cat7-dog3,ed,50.96444320678711,56.74345016479492,1,0
resnet50_random,keyboard8-dog3,keyboard8,dog3,keyboard8-truck3,car7-dog3,ed,50.96444320678711,193.20330810546875,1,0
resnet50_random,keyboard8-dog3,keyboard8,dog3,keyboard8-truck3,bear3-dog3,ed,50.96444320678711,83.95806121826172,1,0
resnet50_random,keyboard8-dog3,keyboard8,dog3,keyboard8-truck3,bear7-dog3,ed,50.96444320678711,203.1037139892578,1,0
resnet50_random,keyboard8-dog3,keyboard8,dog3,keyboard8-truck3,boat8-dog3,ed,50.96444320678711,135.598876953125,1,0
resnet50_random,keyboard8-dog3,keyboard8,dog3,keyboard8-truck3,boat3-dog3,ed,50.96444320678711,97.21939086914062,1,0
resnet50_random,keyboard8-dog3,keyboard8,dog3,keyboard8-truck3,oven2-dog3,ed,50.96444320678711,196.37669372558594,1,0
resnet50_random,keyboard8-dog3,keyboard8,dog3,keyboard8-truck3,oven5-dog3,ed,50.96444320678711,93.75861358642578,1,0
resnet50_random,keyboard8-dog3,keyboard8,dog3,keyboard8-truck3,oven1-dog3,ed,50.96444320678711,243.8499755859375,1,0
resnet50_random,keyboard8-dog3,keyboard8,dog3,keyboard8-truck3,truck5-dog3,ed,50.96444320678711,59.160831451416016,1,0
resnet50_random,keyboard8-dog3,keyboard8,dog3,keyboard8-truck3,truck3-dog3,ed,50.96444320678711,56.23894500732422,1,0
resnet50_random,keyboard8-dog3,keyboard8,dog3,keyboard8-truck3,truck8-dog3,ed,50.96444320678711,115.30545043945312,1,0
resnet50_random,keyboard8-dog3,keyboard8,dog3,keyboard8-truck3,bird4-dog3,ed,50.96444320678711,173.92782592773438,1,0
resnet50_random,keyboard8-dog3,keyboard8,dog3,keyboard8-truck3,airplane10-dog3,ed,50.96444320678711,277.0348815917969,1,0
resnet50_random,keyboard8-dog3,keyboard8,dog3,keyboard8-truck3,airplane5-dog3,ed,50.96444320678711,188.2457733154297,1,0
resnet50_random,keyboard8-dog3,keyboard8,dog3,keyboard8-truck3,bicycle10-dog3,ed,50.96444320678711,227.28663635253906,1,0
resnet50_random,keyboard8-dog3,keyboard8,dog3,keyboard8-truck3,bicycle1-dog3,ed,50.96444320678711,281.1610107421875,1,0
resnet50_random,keyboard8-dog3,keyboard8,dog3,keyboard8-truck3,bottle6-dog3,ed,50.96444320678711,235.7810821533203,1,0
resnet50_random,keyboard8-dog3,keyboard8,dog3,keyboard8-truck3,keyboard1-dog3,ed,50.96444320678711,142.0920867919922,1,0
resnet50_random,keyboard8-dog3,keyboard8,dog3,keyboard8-truck3,keyboard5-dog3,ed,50.96444320678711,111.99706268310547,1,0
resnet50_random,keyboard8-dog3,keyboard8,dog3,keyboard8-truck3,clock10-dog3,ed,50.96444320678711,226.7743682861328,1,0
resnet50_random,keyboard8-dog3,keyboard8,dog3,keyboard8-truck3,elephant9-dog3,ed,50.96444320678711,79.52883911132812,1,0
