Model,Anchor,Anchor Shape,Anchor Texture,Shape Match,Texture Match,Metric,Shape Distance,Texture Distance,Shape Match Closer,Texture Match Closer
resnet50,bottle7-keyboard2,bottle7,keyboard2,bottle7-elephant2,cat4-keyboard2,dot,591.233154296875,672.3314208984375,0,1
resnet50,bottle7-keyboard2,bottle7,keyboard2,bottle7-elephant2,car1-keyboard2,dot,591.233154296875,589.6787109375,1,0
resnet50,bottle7-keyboard2,bottle7,keyboard2,bottle7-elephant2,car10-keyboard2,dot,591.233154296875,575.6210327148438,1,0
resnet50,bottle7-keyboard2,bottle7,keyboard2,bottle7-elephant2,car9-keyboard2,dot,591.233154296875,622.931884765625,0,1
resnet50,bottle7-keyboard2,bottle7,keyboard2,bottle7-elephant2,dog10-keyboard2,dot,591.233154296875,618.2855224609375,0,1
resnet50,bottle7-keyboard2,bottle7,keyboard2,bottle7-elephant2,dog4-keyboard2,dot,591.233154296875,686.0419921875,0,1
resnet50,bottle7-keyboard2,bottle7,keyboard2,bottle7-elephant2,bear2-keyboard2,dot,591.233154296875,676.79150390625,0,1
resnet50,bottle7-keyboard2,bottle7,keyboard2,bottle7-elephant2,bear3-keyboard2,dot,591.233154296875,565.585205078125,1,0
resnet50,bottle7-keyboard2,bottle7,keyboard2,bottle7-elephant2,boat9-keyboard2,dot,591.233154296875,564.3614501953125,1,0
resnet50,bottle7-keyboard2,bottle7,keyboard2,bottle7-elephant2,boat3-keyboard2,dot,591.233154296875,608.8132934570312,0,1
resnet50,bottle7-keyboard2,bottle7,keyboard2,bottle7-elephant2,oven5-keyboard2,dot,591.233154296875,620.3720092773438,0,1
resnet50,bottle7-keyboard2,bottle7,keyboard2,bottle7-elephant2,chair5-keyboard2,dot,591.233154296875,672.787841796875,0,1
resnet50,bottle7-keyboard2,bottle7,keyboard2,bottle7-elephant2,chair2-keyboard2,dot,591.233154296875,602.635009765625,0,1
resnet50,bottle7-keyboard2,bottle7,keyboard2,bottle7-elephant2,chair4-keyboard2,dot,591.233154296875,546.3617553710938,1,0
resnet50,bottle7-keyboard2,bottle7,keyboard2,bottle7-elephant2,chair9-keyboard2,dot,591.233154296875,560.1273193359375,1,0
resnet50,bottle7-keyboard2,bottle7,keyboard2,bottle7-elephant2,truck8-keyboard2,dot,591.233154296875,582.515380859375,1,0
resnet50,bottle7-keyboard2,bottle7,keyboard2,bottle7-elephant2,bird8-keyboard2,dot,591.233154296875,620.2750244140625,0,1
resnet50,bottle7-keyboard2,bottle7,keyboard2,bottle7-elephant2,bird5-keyboard2,dot,591.233154296875,717.8265991210938,0,1
resnet50,bottle7-keyboard2,bottle7,keyboard2,bottle7-elephant2,airplane3-keyboard2,dot,591.233154296875,596.478515625,0,1
resnet50,bottle7-keyboard2,bottle7,keyboard2,bottle7-elephant2,airplane9-keyboard2,dot,591.233154296875,468.7781066894531,1,0
resnet50,bottle7-keyboard2,bottle7,keyboard2,bottle7-elephant2,bicycle2-keyboard2,dot,591.233154296875,505.28704833984375,1,0
resnet50,bottle7-keyboard2,bottle7,keyboard2,bottle7-elephant2,bottle5-keyboard2,dot,591.233154296875,707.9219970703125,0,1
resnet50,bottle7-keyboard2,bottle7,keyboard2,bottle7-elephant2,clock7-keyboard2,dot,591.233154296875,629.3858642578125,0,1
resnet50,bottle7-keyboard2,bottle7,keyboard2,bottle7-elephant2,clock9-keyboard2,dot,591.233154296875,424.4764099121094,1,0
resnet50,bottle7-keyboard2,bottle7,keyboard2,bottle7-elephant2,elephant3-keyboard2,dot,591.233154296875,618.7476806640625,0,1
resnet50,bottle7-keyboard2,bottle7,keyboard2,bottle7-oven2,cat4-keyboard2,dot,674.755615234375,672.3314208984375,1,0
resnet50,bottle7-keyboard2,bottle7,keyboard2,bottle7-oven2,car1-keyboard2,dot,674.755615234375,589.6787109375,1,0
resnet50,bottle7-keyboard2,bottle7,keyboard2,bottle7-oven2,car10-keyboard2,dot,674.755615234375,575.6210327148438,1,0
resnet50,bottle7-keyboard2,bottle7,keyboard2,bottle7-oven2,car9-keyboard2,dot,674.755615234375,622.931884765625,1,0
resnet50,bottle7-keyboard2,bottle7,keyboard2,bottle7-oven2,dog10-keyboard2,dot,674.755615234375,618.2855224609375,1,0
resnet50,bottle7-keyboard2,bottle7,keyboard2,bottle7-oven2,dog4-keyboard2,dot,674.755615234375,686.0419921875,0,1
resnet50,bottle7-keyboard2,bottle7,keyboard2,bottle7-oven2,bear2-keyboard2,dot,674.755615234375,676.79150390625,0,1
resnet50,bottle7-keyboard2,bottle7,keyboard2,bottle7-oven2,bear3-keyboard2,dot,674.755615234375,565.585205078125,1,0
resnet50,bottle7-keyboard2,bottle7,keyboard2,bottle7-oven2,boat9-keyboard2,dot,674.755615234375,564.3614501953125,1,0
resnet50,bottle7-keyboard2,bottle7,keyboard2,bottle7-oven2,boat3-keyboard2,dot,674.755615234375,608.8132934570312,1,0
resnet50,bottle7-keyboard2,bottle7,keyboard2,bottle7-oven2,oven5-keyboard2,dot,674.755615234375,620.3720092773438,1,0
resnet50,bottle7-keyboard2,bottle7,keyboard2,bottle7-oven2,chair5-keyboard2,dot,674.755615234375,672.787841796875,1,0
resnet50,bottle7-keyboard2,bottle7,keyboard2,bottle7-oven2,chair2-keyboard2,dot,674.755615234375,602.635009765625,1,0
resnet50,bottle7-keyboard2,bottle7,keyboard2,bottle7-oven2,chair4-keyboard2,dot,674.755615234375,546.3617553710938,1,0
resnet50,bottle7-keyboard2,bottle7,keyboard2,bottle7-oven2,chair9-keyboard2,dot,674.755615234375,560.1273193359375,1,0
resnet50,bottle7-keyboard2,bottle7,keyboard2,bottle7-oven2,truck8-keyboard2,dot,674.755615234375,582.515380859375,1,0
resnet50,bottle7-keyboard2,bottle7,keyboard2,bottle7-oven2,bird8-keyboard2,dot,674.755615234375,620.2750244140625,1,0
resnet50,bottle7-keyboard2,bottle7,keyboard2,bottle7-oven2,bird5-keyboard2,dot,674.755615234375,717.8265991210938,0,1
resnet50,bottle7-keyboard2,bottle7,keyboard2,bottle7-oven2,airplane3-keyboard2,dot,674.755615234375,596.478515625,1,0
resnet50,bottle7-keyboard2,bottle7,keyboard2,bottle7-oven2,airplane9-keyboard2,dot,674.755615234375,468.7781066894531,1,0
resnet50,bottle7-keyboard2,bottle7,keyboard2,bottle7-oven2,bicycle2-keyboard2,dot,674.755615234375,505.28704833984375,1,0
resnet50,bottle7-keyboard2,bottle7,keyboard2,bottle7-oven2,bottle5-keyboard2,dot,674.755615234375,707.9219970703125,0,1
resnet50,bottle7-keyboard2,bottle7,keyboard2,bottle7-oven2,clock7-keyboard2,dot,674.755615234375,629.3858642578125,1,0
resnet50,bottle7-keyboard2,bottle7,keyboard2,bottle7-oven2,clock9-keyboard2,dot,674.755615234375,424.4764099121094,1,0
resnet50,bottle7-keyboard2,bottle7,keyboard2,bottle7-oven2,elephant3-keyboard2,dot,674.755615234375,618.7476806640625,1,0
resnet50,bottle7-keyboard2,bottle7,keyboard2,bottle7-truck2,cat4-keyboard2,dot,667.675048828125,672.3314208984375,0,1
resnet50,bottle7-keyboard2,bottle7,keyboard2,bottle7-truck2,car1-keyboard2,dot,667.675048828125,589.6787109375,1,0
resnet50,bottle7-keyboard2,bottle7,keyboard2,bottle7-truck2,car10-keyboard2,dot,667.675048828125,575.6210327148438,1,0
resnet50,bottle7-keyboard2,bottle7,keyboard2,bottle7-truck2,car9-keyboard2,dot,667.675048828125,622.931884765625,1,0
resnet50,bottle7-keyboard2,bottle7,keyboard2,bottle7-truck2,dog10-keyboard2,dot,667.675048828125,618.2855224609375,1,0
resnet50,bottle7-keyboard2,bottle7,keyboard2,bottle7-truck2,dog4-keyboard2,dot,667.675048828125,686.0419921875,0,1
resnet50,bottle7-keyboard2,bottle7,keyboard2,bottle7-truck2,bear2-keyboard2,dot,667.675048828125,676.79150390625,0,1
resnet50,bottle7-keyboard2,bottle7,keyboard2,bottle7-truck2,bear3-keyboard2,dot,667.675048828125,565.585205078125,1,0
resnet50,bottle7-keyboard2,bottle7,keyboard2,bottle7-truck2,boat9-keyboard2,dot,667.675048828125,564.3614501953125,1,0
resnet50,bottle7-keyboard2,bottle7,keyboard2,bottle7-truck2,boat3-keyboard2,dot,667.675048828125,608.8132934570312,1,0
resnet50,bottle7-keyboard2,bottle7,keyboard2,bottle7-truck2,oven5-keyboard2,dot,667.675048828125,620.3720092773438,1,0
resnet50,bottle7-keyboard2,bottle7,keyboard2,bottle7-truck2,chair5-keyboard2,dot,667.675048828125,672.787841796875,0,1
resnet50,bottle7-keyboard2,bottle7,keyboard2,bottle7-truck2,chair2-keyboard2,dot,667.675048828125,602.635009765625,1,0
resnet50,bottle7-keyboard2,bottle7,keyboard2,bottle7-truck2,chair4-keyboard2,dot,667.675048828125,546.3617553710938,1,0
resnet50,bottle7-keyboard2,bottle7,keyboard2,bottle7-truck2,chair9-keyboard2,dot,667.675048828125,560.1273193359375,1,0
resnet50,bottle7-keyboard2,bottle7,keyboard2,bottle7-truck2,truck8-keyboard2,dot,667.675048828125,582.515380859375,1,0
resnet50,bottle7-keyboard2,bottle7,keyboard2,bottle7-truck2,bird8-keyboard2,dot,667.675048828125,620.2750244140625,1,0
resnet50,bottle7-keyboard2,bottle7,keyboard2,bottle7-truck2,bird5-keyboard2,dot,667.675048828125,717.8265991210938,0,1
resnet50,bottle7-keyboard2,bottle7,keyboard2,bottle7-truck2,airplane3-keyboard2,dot,667.675048828125,596.478515625,1,0
resnet50,bottle7-keyboard2,bottle7,keyboard2,bottle7-truck2,airplane9-keyboard2,dot,667.675048828125,468.7781066894531,1,0
resnet50,bottle7-keyboard2,bottle7,keyboard2,bottle7-truck2,bicycle2-keyboard2,dot,667.675048828125,505.28704833984375,1,0
resnet50,bottle7-keyboard2,bottle7,keyboard2,bottle7-truck2,bottle5-keyboard2,dot,667.675048828125,707.9219970703125,0,1
resnet50,bottle7-keyboard2,bottle7,keyboard2,bottle7-truck2,clock7-keyboard2,dot,667.675048828125,629.3858642578125,1,0
resnet50,bottle7-keyboard2,bottle7,keyboard2,bottle7-truck2,clock9-keyboard2,dot,667.675048828125,424.4764099121094,1,0
resnet50,bottle7-keyboard2,bottle7,keyboard2,bottle7-truck2,elephant3-keyboard2,dot,667.675048828125,618.7476806640625,1,0
resnet50,bottle7-keyboard2,bottle7,keyboard2,bottle7-cat2,cat4-keyboard2,dot,579.771728515625,672.3314208984375,0,1
resnet50,bottle7-keyboard2,bottle7,keyboard2,bottle7-cat2,car1-keyboard2,dot,579.771728515625,589.6787109375,0,1
resnet50,bottle7-keyboard2,bottle7,keyboard2,bottle7-cat2,car10-keyboard2,dot,579.771728515625,575.6210327148438,1,0
resnet50,bottle7-keyboard2,bottle7,keyboard2,bottle7-cat2,car9-keyboard2,dot,579.771728515625,622.931884765625,0,1
resnet50,bottle7-keyboard2,bottle7,keyboard2,bottle7-cat2,dog10-keyboard2,dot,579.771728515625,618.2855224609375,0,1
resnet50,bottle7-keyboard2,bottle7,keyboard2,bottle7-cat2,dog4-keyboard2,dot,579.771728515625,686.0419921875,0,1
resnet50,bottle7-keyboard2,bottle7,keyboard2,bottle7-cat2,bear2-keyboard2,dot,579.771728515625,676.79150390625,0,1
resnet50,bottle7-keyboard2,bottle7,keyboard2,bottle7-cat2,bear3-keyboard2,dot,579.771728515625,565.585205078125,1,0
resnet50,bottle7-keyboard2,bottle7,keyboard2,bottle7-cat2,boat9-keyboard2,dot,579.771728515625,564.3614501953125,1,0
resnet50,bottle7-keyboard2,bottle7,keyboard2,bottle7-cat2,boat3-keyboard2,dot,579.771728515625,608.8132934570312,0,1
resnet50,bottle7-keyboard2,bottle7,keyboard2,bottle7-cat2,oven5-keyboard2,dot,579.771728515625,620.3720092773438,0,1
resnet50,bottle7-keyboard2,bottle7,keyboard2,bottle7-cat2,chair5-keyboard2,dot,579.771728515625,672.787841796875,0,1
resnet50,bottle7-keyboard2,bottle7,keyboard2,bottle7-cat2,chair2-keyboard2,dot,579.771728515625,602.635009765625,0,1
resnet50,bottle7-keyboard2,bottle7,keyboard2,bottle7-cat2,chair4-keyboard2,dot,579.771728515625,546.3617553710938,1,0
resnet50,bottle7-keyboard2,bottle7,keyboard2,bottle7-cat2,chair9-keyboard2,dot,579.771728515625,560.1273193359375,1,0
resnet50,bottle7-keyboard2,bottle7,keyboard2,bottle7-cat2,truck8-keyboard2,dot,579.771728515625,582.515380859375,0,1
resnet50,bottle7-keyboard2,bottle7,keyboard2,bottle7-cat2,bird8-keyboard2,dot,579.771728515625,620.2750244140625,0,1
resnet50,bottle7-keyboard2,bottle7,keyboard2,bottle7-cat2,bird5-keyboard2,dot,579.771728515625,717.8265991210938,0,1
resnet50,bottle7-keyboard2,bottle7,keyboard2,bottle7-cat2,airplane3-keyboard2,dot,579.771728515625,596.478515625,0,1
resnet50,bottle7-keyboard2,bottle7,keyboard2,bottle7-cat2,airplane9-keyboard2,dot,579.771728515625,468.7781066894531,1,0
resnet50,bottle7-keyboard2,bottle7,keyboard2,bottle7-cat2,bicycle2-keyboard2,dot,579.771728515625,505.28704833984375,1,0
resnet50,bottle7-keyboard2,bottle7,keyboard2,bottle7-cat2,bottle5-keyboard2,dot,579.771728515625,707.9219970703125,0,1
resnet50,bottle7-keyboard2,bottle7,keyboard2,bottle7-cat2,clock7-keyboard2,dot,579.771728515625,629.3858642578125,0,1
resnet50,bottle7-keyboard2,bottle7,keyboard2,bottle7-cat2,clock9-keyboard2,dot,579.771728515625,424.4764099121094,1,0
resnet50,bottle7-keyboard2,bottle7,keyboard2,bottle7-cat2,elephant3-keyboard2,dot,579.771728515625,618.7476806640625,0,1
resnet50,bottle7-keyboard2,bottle7,keyboard2,bottle7-airplane3,cat4-keyboard2,dot,638.1326293945312,672.3314208984375,0,1
resnet50,bottle7-keyboard2,bottle7,keyboard2,bottle7-airplane3,car1-keyboard2,dot,638.1326293945312,589.6787109375,1,0
resnet50,bottle7-keyboard2,bottle7,keyboard2,bottle7-airplane3,car10-keyboard2,dot,638.1326293945312,575.6210327148438,1,0
resnet50,bottle7-keyboard2,bottle7,keyboard2,bottle7-airplane3,car9-keyboard2,dot,638.1326293945312,622.931884765625,1,0
resnet50,bottle7-keyboard2,bottle7,keyboard2,bottle7-airplane3,dog10-keyboard2,dot,638.1326293945312,618.2855224609375,1,0
resnet50,bottle7-keyboard2,bottle7,keyboard2,bottle7-airplane3,dog4-keyboard2,dot,638.1326293945312,686.0419921875,0,1
resnet50,bottle7-keyboard2,bottle7,keyboard2,bottle7-airplane3,bear2-keyboard2,dot,638.1326293945312,676.79150390625,0,1
resnet50,bottle7-keyboard2,bottle7,keyboard2,bottle7-airplane3,bear3-keyboard2,dot,638.1326293945312,565.585205078125,1,0
resnet50,bottle7-keyboard2,bottle7,keyboard2,bottle7-airplane3,boat9-keyboard2,dot,638.1326293945312,564.3614501953125,1,0
resnet50,bottle7-keyboard2,bottle7,keyboard2,bottle7-airplane3,boat3-keyboard2,dot,638.1326293945312,608.8132934570312,1,0
resnet50,bottle7-keyboard2,bottle7,keyboard2,bottle7-airplane3,oven5-keyboard2,dot,638.1326293945312,620.3720092773438,1,0
resnet50,bottle7-keyboard2,bottle7,keyboard2,bottle7-airplane3,chair5-keyboard2,dot,638.1326293945312,672.787841796875,0,1
resnet50,bottle7-keyboard2,bottle7,keyboard2,bottle7-airplane3,chair2-keyboard2,dot,638.1326293945312,602.635009765625,1,0
resnet50,bottle7-keyboard2,bottle7,keyboard2,bottle7-airplane3,chair4-keyboard2,dot,638.1326293945312,546.3617553710938,1,0
resnet50,bottle7-keyboard2,bottle7,keyboard2,bottle7-airplane3,chair9-keyboard2,dot,638.1326293945312,560.1273193359375,1,0
resnet50,bottle7-keyboard2,bottle7,keyboard2,bottle7-airplane3,truck8-keyboard2,dot,638.1326293945312,582.515380859375,1,0
resnet50,bottle7-keyboard2,bottle7,keyboard2,bottle7-airplane3,bird8-keyboard2,dot,638.1326293945312,620.2750244140625,1,0
resnet50,bottle7-keyboard2,bottle7,keyboard2,bottle7-airplane3,bird5-keyboard2,dot,638.1326293945312,717.8265991210938,0,1
resnet50,bottle7-keyboard2,bottle7,keyboard2,bottle7-airplane3,airplane3-keyboard2,dot,638.1326293945312,596.478515625,1,0
resnet50,bottle7-keyboard2,bottle7,keyboard2,bottle7-airplane3,airplane9-keyboard2,dot,638.1326293945312,468.7781066894531,1,0
resnet50,bottle7-keyboard2,bottle7,keyboard2,bottle7-airplane3,bicycle2-keyboard2,dot,638.1326293945312,505.28704833984375,1,0
resnet50,bottle7-keyboard2,bottle7,keyboard2,bottle7-airplane3,bottle5-keyboard2,dot,638.1326293945312,707.9219970703125,0,1
resnet50,bottle7-keyboard2,bottle7,keyboard2,bottle7-airplane3,clock7-keyboard2,dot,638.1326293945312,629.3858642578125,1,0
resnet50,bottle7-keyboard2,bottle7,keyboard2,bottle7-airplane3,clock9-keyboard2,dot,638.1326293945312,424.4764099121094,1,0
resnet50,bottle7-keyboard2,bottle7,keyboard2,bottle7-airplane3,elephant3-keyboard2,dot,638.1326293945312,618.7476806640625,1,0
resnet50,bottle7-keyboard2,bottle7,keyboard2,bottle7-bear1,cat4-keyboard2,dot,635.4661865234375,672.3314208984375,0,1
resnet50,bottle7-keyboard2,bottle7,keyboard2,bottle7-bear1,car1-keyboard2,dot,635.4661865234375,589.6787109375,1,0
resnet50,bottle7-keyboard2,bottle7,keyboard2,bottle7-bear1,car10-keyboard2,dot,635.4661865234375,575.6210327148438,1,0
resnet50,bottle7-keyboard2,bottle7,keyboard2,bottle7-bear1,car9-keyboard2,dot,635.4661865234375,622.931884765625,1,0
resnet50,bottle7-keyboard2,bottle7,keyboard2,bottle7-bear1,dog10-keyboard2,dot,635.4661865234375,618.2855224609375,1,0
resnet50,bottle7-keyboard2,bottle7,keyboard2,bottle7-bear1,dog4-keyboard2,dot,635.4661865234375,686.0419921875,0,1
resnet50,bottle7-keyboard2,bottle7,keyboard2,bottle7-bear1,bear2-keyboard2,dot,635.4661865234375,676.79150390625,0,1
resnet50,bottle7-keyboard2,bottle7,keyboard2,bottle7-bear1,bear3-keyboard2,dot,635.4661865234375,565.585205078125,1,0
resnet50,bottle7-keyboard2,bottle7,keyboard2,bottle7-bear1,boat9-keyboard2,dot,635.4661865234375,564.3614501953125,1,0
resnet50,bottle7-keyboard2,bottle7,keyboard2,bottle7-bear1,boat3-keyboard2,dot,635.4661865234375,608.8132934570312,1,0
resnet50,bottle7-keyboard2,bottle7,keyboard2,bottle7-bear1,oven5-keyboard2,dot,635.4661865234375,620.3720092773438,1,0
resnet50,bottle7-keyboard2,bottle7,keyboard2,bottle7-bear1,chair5-keyboard2,dot,635.4661865234375,672.787841796875,0,1
resnet50,bottle7-keyboard2,bottle7,keyboard2,bottle7-bear1,chair2-keyboard2,dot,635.4661865234375,602.635009765625,1,0
resnet50,bottle7-keyboard2,bottle7,keyboard2,bottle7-bear1,chair4-keyboard2,dot,635.4661865234375,546.3617553710938,1,0
resnet50,bottle7-keyboard2,bottle7,keyboard2,bottle7-bear1,chair9-keyboard2,dot,635.4661865234375,560.1273193359375,1,0
resnet50,bottle7-keyboard2,bottle7,keyboard2,bottle7-bear1,truck8-keyboard2,dot,635.4661865234375,582.515380859375,1,0
resnet50,bottle7-keyboard2,bottle7,keyboard2,bottle7-bear1,bird8-keyboard2,dot,635.4661865234375,620.2750244140625,1,0
resnet50,bottle7-keyboard2,bottle7,keyboard2,bottle7-bear1,bird5-keyboard2,dot,635.4661865234375,717.8265991210938,0,1
resnet50,bottle7-keyboard2,bottle7,keyboard2,bottle7-bear1,airplane3-keyboard2,dot,635.4661865234375,596.478515625,1,0
resnet50,bottle7-keyboard2,bottle7,keyboard2,bottle7-bear1,airplane9-keyboard2,dot,635.4661865234375,468.7781066894531,1,0
resnet50,bottle7-keyboard2,bottle7,keyboard2,bottle7-bear1,bicycle2-keyboard2,dot,635.4661865234375,505.28704833984375,1,0
resnet50,bottle7-keyboard2,bottle7,keyboard2,bottle7-bear1,bottle5-keyboard2,dot,635.4661865234375,707.9219970703125,0,1
resnet50,bottle7-keyboard2,bottle7,keyboard2,bottle7-bear1,clock7-keyboard2,dot,635.4661865234375,629.3858642578125,1,0
resnet50,bottle7-keyboard2,bottle7,keyboard2,bottle7-bear1,clock9-keyboard2,dot,635.4661865234375,424.4764099121094,1,0
resnet50,bottle7-keyboard2,bottle7,keyboard2,bottle7-bear1,elephant3-keyboard2,dot,635.4661865234375,618.7476806640625,1,0
resnet50,bottle7-keyboard2,bottle7,keyboard2,bottle7-boat3,cat4-keyboard2,dot,592.6231689453125,672.3314208984375,0,1
resnet50,bottle7-keyboard2,bottle7,keyboard2,bottle7-boat3,car1-keyboard2,dot,592.6231689453125,589.6787109375,1,0
resnet50,bottle7-keyboard2,bottle7,keyboard2,bottle7-boat3,car10-keyboard2,dot,592.6231689453125,575.6210327148438,1,0
resnet50,bottle7-keyboard2,bottle7,keyboard2,bottle7-boat3,car9-keyboard2,dot,592.6231689453125,622.931884765625,0,1
resnet50,bottle7-keyboard2,bottle7,keyboard2,bottle7-boat3,dog10-keyboard2,dot,592.6231689453125,618.2855224609375,0,1
resnet50,bottle7-keyboard2,bottle7,keyboard2,bottle7-boat3,dog4-keyboard2,dot,592.6231689453125,686.0419921875,0,1
resnet50,bottle7-keyboard2,bottle7,keyboard2,bottle7-boat3,bear2-keyboard2,dot,592.6231689453125,676.79150390625,0,1
resnet50,bottle7-keyboard2,bottle7,keyboard2,bottle7-boat3,bear3-keyboard2,dot,592.6231689453125,565.585205078125,1,0
resnet50,bottle7-keyboard2,bottle7,keyboard2,bottle7-boat3,boat9-keyboard2,dot,592.6231689453125,564.3614501953125,1,0
resnet50,bottle7-keyboard2,bottle7,keyboard2,bottle7-boat3,boat3-keyboard2,dot,592.6231689453125,608.8132934570312,0,1
resnet50,bottle7-keyboard2,bottle7,keyboard2,bottle7-boat3,oven5-keyboard2,dot,592.6231689453125,620.3720092773438,0,1
resnet50,bottle7-keyboard2,bottle7,keyboard2,bottle7-boat3,chair5-keyboard2,dot,592.6231689453125,672.787841796875,0,1
resnet50,bottle7-keyboard2,bottle7,keyboard2,bottle7-boat3,chair2-keyboard2,dot,592.6231689453125,602.635009765625,0,1
resnet50,bottle7-keyboard2,bottle7,keyboard2,bottle7-boat3,chair4-keyboard2,dot,592.6231689453125,546.3617553710938,1,0
resnet50,bottle7-keyboard2,bottle7,keyboard2,bottle7-boat3,chair9-keyboard2,dot,592.6231689453125,560.1273193359375,1,0
resnet50,bottle7-keyboard2,bottle7,keyboard2,bottle7-boat3,truck8-keyboard2,dot,592.6231689453125,582.515380859375,1,0
resnet50,bottle7-keyboard2,bottle7,keyboard2,bottle7-boat3,bird8-keyboard2,dot,592.6231689453125,620.2750244140625,0,1
resnet50,bottle7-keyboard2,bottle7,keyboard2,bottle7-boat3,bird5-keyboard2,dot,592.6231689453125,717.8265991210938,0,1
resnet50,bottle7-keyboard2,bottle7,keyboard2,bottle7-boat3,airplane3-keyboard2,dot,592.6231689453125,596.478515625,0,1
resnet50,bottle7-keyboard2,bottle7,keyboard2,bottle7-boat3,airplane9-keyboard2,dot,592.6231689453125,468.7781066894531,1,0
resnet50,bottle7-keyboard2,bottle7,keyboard2,bottle7-boat3,bicycle2-keyboard2,dot,592.6231689453125,505.28704833984375,1,0
resnet50,bottle7-keyboard2,bottle7,keyboard2,bottle7-boat3,bottle5-keyboard2,dot,592.6231689453125,707.9219970703125,0,1
resnet50,bottle7-keyboard2,bottle7,keyboard2,bottle7-boat3,clock7-keyboard2,dot,592.6231689453125,629.3858642578125,0,1
resnet50,bottle7-keyboard2,bottle7,keyboard2,bottle7-boat3,clock9-keyboard2,dot,592.6231689453125,424.4764099121094,1,0
resnet50,bottle7-keyboard2,bottle7,keyboard2,bottle7-boat3,elephant3-keyboard2,dot,592.6231689453125,618.7476806640625,0,1
resnet50,bottle7-keyboard2,bottle7,keyboard2,bottle7-clock1,cat4-keyboard2,dot,558.2140502929688,672.3314208984375,0,1
resnet50,bottle7-keyboard2,bottle7,keyboard2,bottle7-clock1,car1-keyboard2,dot,558.2140502929688,589.6787109375,0,1
resnet50,bottle7-keyboard2,bottle7,keyboard2,bottle7-clock1,car10-keyboard2,dot,558.2140502929688,575.6210327148438,0,1
resnet50,bottle7-keyboard2,bottle7,keyboard2,bottle7-clock1,car9-keyboard2,dot,558.2140502929688,622.931884765625,0,1
resnet50,bottle7-keyboard2,bottle7,keyboard2,bottle7-clock1,dog10-keyboard2,dot,558.2140502929688,618.2855224609375,0,1
resnet50,bottle7-keyboard2,bottle7,keyboard2,bottle7-clock1,dog4-keyboard2,dot,558.2140502929688,686.0419921875,0,1
resnet50,bottle7-keyboard2,bottle7,keyboard2,bottle7-clock1,bear2-keyboard2,dot,558.2140502929688,676.79150390625,0,1
resnet50,bottle7-keyboard2,bottle7,keyboard2,bottle7-clock1,bear3-keyboard2,dot,558.2140502929688,565.585205078125,0,1
resnet50,bottle7-keyboard2,bottle7,keyboard2,bottle7-clock1,boat9-keyboard2,dot,558.2140502929688,564.3614501953125,0,1
resnet50,bottle7-keyboard2,bottle7,keyboard2,bottle7-clock1,boat3-keyboard2,dot,558.2140502929688,608.8132934570312,0,1
resnet50,bottle7-keyboard2,bottle7,keyboard2,bottle7-clock1,oven5-keyboard2,dot,558.2140502929688,620.3720092773438,0,1
resnet50,bottle7-keyboard2,bottle7,keyboard2,bottle7-clock1,chair5-keyboard2,dot,558.2140502929688,672.787841796875,0,1
resnet50,bottle7-keyboard2,bottle7,keyboard2,bottle7-clock1,chair2-keyboard2,dot,558.2140502929688,602.635009765625,0,1
resnet50,bottle7-keyboard2,bottle7,keyboard2,bottle7-clock1,chair4-keyboard2,dot,558.2140502929688,546.3617553710938,1,0
resnet50,bottle7-keyboard2,bottle7,keyboard2,bottle7-clock1,chair9-keyboard2,dot,558.2140502929688,560.1273193359375,0,1
resnet50,bottle7-keyboard2,bottle7,keyboard2,bottle7-clock1,truck8-keyboard2,dot,558.2140502929688,582.515380859375,0,1
resnet50,bottle7-keyboard2,bottle7,keyboard2,bottle7-clock1,bird8-keyboard2,dot,558.2140502929688,620.2750244140625,0,1
resnet50,bottle7-keyboard2,bottle7,keyboard2,bottle7-clock1,bird5-keyboard2,dot,558.2140502929688,717.8265991210938,0,1
resnet50,bottle7-keyboard2,bottle7,keyboard2,bottle7-clock1,airplane3-keyboard2,dot,558.2140502929688,596.478515625,0,1
resnet50,bottle7-keyboard2,bottle7,keyboard2,bottle7-clock1,airplane9-keyboard2,dot,558.2140502929688,468.7781066894531,1,0
resnet50,bottle7-keyboard2,bottle7,keyboard2,bottle7-clock1,bicycle2-keyboard2,dot,558.2140502929688,505.28704833984375,1,0
resnet50,bottle7-keyboard2,bottle7,keyboard2,bottle7-clock1,bottle5-keyboard2,dot,558.2140502929688,707.9219970703125,0,1
resnet50,bottle7-keyboard2,bottle7,keyboard2,bottle7-clock1,clock7-keyboard2,dot,558.2140502929688,629.3858642578125,0,1
resnet50,bottle7-keyboard2,bottle7,keyboard2,bottle7-clock1,clock9-keyboard2,dot,558.2140502929688,424.4764099121094,1,0
resnet50,bottle7-keyboard2,bottle7,keyboard2,bottle7-clock1,elephant3-keyboard2,dot,558.2140502929688,618.7476806640625,0,1
resnet50,bottle7-keyboard2,bottle7,keyboard2,bottle7-elephant2,cat4-keyboard2,cos,0.7052295804023743,0.7554905414581299,0,1
resnet50,bottle7-keyboard2,bottle7,keyboard2,bottle7-elephant2,car1-keyboard2,cos,0.7052295804023743,0.6852569580078125,1,0
resnet50,bottle7-keyboard2,bottle7,keyboard2,bottle7-elephant2,car10-keyboard2,cos,0.7052295804023743,0.6610092520713806,1,0
resnet50,bottle7-keyboard2,bottle7,keyboard2,bottle7-elephant2,car9-keyboard2,cos,0.7052295804023743,0.6712977290153503,1,0
resnet50,bottle7-keyboard2,bottle7,keyboard2,bottle7-elephant2,dog10-keyboard2,cos,0.7052295804023743,0.7278234958648682,0,1
resnet50,bottle7-keyboard2,bottle7,keyboard2,bottle7-elephant2,dog4-keyboard2,cos,0.7052295804023743,0.7820180058479309,0,1
resnet50,bottle7-keyboard2,bottle7,keyboard2,bottle7-elephant2,bear2-keyboard2,cos,0.7052295804023743,0.7345179319381714,0,1
resnet50,bottle7-keyboard2,bottle7,keyboard2,bottle7-elephant2,bear3-keyboard2,cos,0.7052295804023743,0.6815258860588074,1,0
resnet50,bottle7-keyboard2,bottle7,keyboard2,bottle7-elephant2,boat9-keyboard2,cos,0.7052295804023743,0.6258037090301514,1,0
resnet50,bottle7-keyboard2,bottle7,keyboard2,bottle7-elephant2,boat3-keyboard2,cos,0.7052295804023743,0.7309207320213318,0,1
resnet50,bottle7-keyboard2,bottle7,keyboard2,bottle7-elephant2,oven5-keyboard2,cos,0.7052295804023743,0.7029058337211609,1,0
resnet50,bottle7-keyboard2,bottle7,keyboard2,bottle7-elephant2,chair5-keyboard2,cos,0.7052295804023743,0.7075051069259644,0,1
resnet50,bottle7-keyboard2,bottle7,keyboard2,bottle7-elephant2,chair2-keyboard2,cos,0.7052295804023743,0.6676711440086365,1,0
resnet50,bottle7-keyboard2,bottle7,keyboard2,bottle7-elephant2,chair4-keyboard2,cos,0.7052295804023743,0.5971380472183228,1,0
resnet50,bottle7-keyboard2,bottle7,keyboard2,bottle7-elephant2,chair9-keyboard2,cos,0.7052295804023743,0.6531926393508911,1,0
resnet50,bottle7-keyboard2,bottle7,keyboard2,bottle7-elephant2,truck8-keyboard2,cos,0.7052295804023743,0.6789258122444153,1,0
resnet50,bottle7-keyboard2,bottle7,keyboard2,bottle7-elephant2,bird8-keyboard2,cos,0.7052295804023743,0.6987917423248291,1,0
resnet50,bottle7-keyboard2,bottle7,keyboard2,bottle7-elephant2,bird5-keyboard2,cos,0.7052295804023743,0.7502173185348511,0,1
resnet50,bottle7-keyboard2,bottle7,keyboard2,bottle7-elephant2,airplane3-keyboard2,cos,0.7052295804023743,0.7144761681556702,0,1
resnet50,bottle7-keyboard2,bottle7,keyboard2,bottle7-elephant2,airplane9-keyboard2,cos,0.7052295804023743,0.560168445110321,1,0
resnet50,bottle7-keyboard2,bottle7,keyboard2,bottle7-elephant2,bicycle2-keyboard2,cos,0.7052295804023743,0.5634841322898865,1,0
resnet50,bottle7-keyboard2,bottle7,keyboard2,bottle7-elephant2,bottle5-keyboard2,cos,0.7052295804023743,0.8102706074714661,0,1
resnet50,bottle7-keyboard2,bottle7,keyboard2,bottle7-elephant2,clock7-keyboard2,cos,0.7052295804023743,0.6623683571815491,1,0
resnet50,bottle7-keyboard2,bottle7,keyboard2,bottle7-elephant2,clock9-keyboard2,cos,0.7052295804023743,0.5997262597084045,1,0
resnet50,bottle7-keyboard2,bottle7,keyboard2,bottle7-elephant2,elephant3-keyboard2,cos,0.7052295804023743,0.7078365087509155,0,1
resnet50,bottle7-keyboard2,bottle7,keyboard2,bottle7-oven2,cat4-keyboard2,cos,0.772024393081665,0.7554905414581299,1,0
resnet50,bottle7-keyboard2,bottle7,keyboard2,bottle7-oven2,car1-keyboard2,cos,0.772024393081665,0.6852569580078125,1,0
resnet50,bottle7-keyboard2,bottle7,keyboard2,bottle7-oven2,car10-keyboard2,cos,0.772024393081665,0.6610092520713806,1,0
resnet50,bottle7-keyboard2,bottle7,keyboard2,bottle7-oven2,car9-keyboard2,cos,0.772024393081665,0.6712977290153503,1,0
resnet50,bottle7-keyboard2,bottle7,keyboard2,bottle7-oven2,dog10-keyboard2,cos,0.772024393081665,0.7278234958648682,1,0
resnet50,bottle7-keyboard2,bottle7,keyboard2,bottle7-oven2,dog4-keyboard2,cos,0.772024393081665,0.7820180058479309,0,1
resnet50,bottle7-keyboard2,bottle7,keyboard2,bottle7-oven2,bear2-keyboard2,cos,0.772024393081665,0.7345179319381714,1,0
resnet50,bottle7-keyboard2,bottle7,keyboard2,bottle7-oven2,bear3-keyboard2,cos,0.772024393081665,0.6815258860588074,1,0
resnet50,bottle7-keyboard2,bottle7,keyboard2,bottle7-oven2,boat9-keyboard2,cos,0.772024393081665,0.6258037090301514,1,0
resnet50,bottle7-keyboard2,bottle7,keyboard2,bottle7-oven2,boat3-keyboard2,cos,0.772024393081665,0.7309207320213318,1,0
resnet50,bottle7-keyboard2,bottle7,keyboard2,bottle7-oven2,oven5-keyboard2,cos,0.772024393081665,0.7029058337211609,1,0
resnet50,bottle7-keyboard2,bottle7,keyboard2,bottle7-oven2,chair5-keyboard2,cos,0.772024393081665,0.7075051069259644,1,0
resnet50,bottle7-keyboard2,bottle7,keyboard2,bottle7-oven2,chair2-keyboard2,cos,0.772024393081665,0.6676711440086365,1,0
resnet50,bottle7-keyboard2,bottle7,keyboard2,bottle7-oven2,chair4-keyboard2,cos,0.772024393081665,0.5971380472183228,1,0
resnet50,bottle7-keyboard2,bottle7,keyboard2,bottle7-oven2,chair9-keyboard2,cos,0.772024393081665,0.6531926393508911,1,0
resnet50,bottle7-keyboard2,bottle7,keyboard2,bottle7-oven2,truck8-keyboard2,cos,0.772024393081665,0.6789258122444153,1,0
resnet50,bottle7-keyboard2,bottle7,keyboard2,bottle7-oven2,bird8-keyboard2,cos,0.772024393081665,0.6987917423248291,1,0
resnet50,bottle7-keyboard2,bottle7,keyboard2,bottle7-oven2,bird5-keyboard2,cos,0.772024393081665,0.7502173185348511,1,0
resnet50,bottle7-keyboard2,bottle7,keyboard2,bottle7-oven2,airplane3-keyboard2,cos,0.772024393081665,0.7144761681556702,1,0
resnet50,bottle7-keyboard2,bottle7,keyboard2,bottle7-oven2,airplane9-keyboard2,cos,0.772024393081665,0.560168445110321,1,0
resnet50,bottle7-keyboard2,bottle7,keyboard2,bottle7-oven2,bicycle2-keyboard2,cos,0.772024393081665,0.5634841322898865,1,0
resnet50,bottle7-keyboard2,bottle7,keyboard2,bottle7-oven2,bottle5-keyboard2,cos,0.772024393081665,0.8102706074714661,0,1
resnet50,bottle7-keyboard2,bottle7,keyboard2,bottle7-oven2,clock7-keyboard2,cos,0.772024393081665,0.6623683571815491,1,0
resnet50,bottle7-keyboard2,bottle7,keyboard2,bottle7-oven2,clock9-keyboard2,cos,0.772024393081665,0.5997262597084045,1,0
resnet50,bottle7-keyboard2,bottle7,keyboard2,bottle7-oven2,elephant3-keyboard2,cos,0.772024393081665,0.7078365087509155,1,0
resnet50,bottle7-keyboard2,bottle7,keyboard2,bottle7-truck2,cat4-keyboard2,cos,0.7200578451156616,0.7554905414581299,0,1
resnet50,bottle7-keyboard2,bottle7,keyboard2,bottle7-truck2,car1-keyboard2,cos,0.7200578451156616,0.6852569580078125,1,0
resnet50,bottle7-keyboard2,bottle7,keyboard2,bottle7-truck2,car10-keyboard2,cos,0.7200578451156616,0.6610092520713806,1,0
resnet50,bottle7-keyboard2,bottle7,keyboard2,bottle7-truck2,car9-keyboard2,cos,0.7200578451156616,0.6712977290153503,1,0
resnet50,bottle7-keyboard2,bottle7,keyboard2,bottle7-truck2,dog10-keyboard2,cos,0.7200578451156616,0.7278234958648682,0,1
resnet50,bottle7-keyboard2,bottle7,keyboard2,bottle7-truck2,dog4-keyboard2,cos,0.7200578451156616,0.7820180058479309,0,1
resnet50,bottle7-keyboard2,bottle7,keyboard2,bottle7-truck2,bear2-keyboard2,cos,0.7200578451156616,0.7345179319381714,0,1
resnet50,bottle7-keyboard2,bottle7,keyboard2,bottle7-truck2,bear3-keyboard2,cos,0.7200578451156616,0.6815258860588074,1,0
resnet50,bottle7-keyboard2,bottle7,keyboard2,bottle7-truck2,boat9-keyboard2,cos,0.7200578451156616,0.6258037090301514,1,0
resnet50,bottle7-keyboard2,bottle7,keyboard2,bottle7-truck2,boat3-keyboard2,cos,0.7200578451156616,0.7309207320213318,0,1
resnet50,bottle7-keyboard2,bottle7,keyboard2,bottle7-truck2,oven5-keyboard2,cos,0.7200578451156616,0.7029058337211609,1,0
resnet50,bottle7-keyboard2,bottle7,keyboard2,bottle7-truck2,chair5-keyboard2,cos,0.7200578451156616,0.7075051069259644,1,0
resnet50,bottle7-keyboard2,bottle7,keyboard2,bottle7-truck2,chair2-keyboard2,cos,0.7200578451156616,0.6676711440086365,1,0
resnet50,bottle7-keyboard2,bottle7,keyboard2,bottle7-truck2,chair4-keyboard2,cos,0.7200578451156616,0.5971380472183228,1,0
resnet50,bottle7-keyboard2,bottle7,keyboard2,bottle7-truck2,chair9-keyboard2,cos,0.7200578451156616,0.6531926393508911,1,0
resnet50,bottle7-keyboard2,bottle7,keyboard2,bottle7-truck2,truck8-keyboard2,cos,0.7200578451156616,0.6789258122444153,1,0
resnet50,bottle7-keyboard2,bottle7,keyboard2,bottle7-truck2,bird8-keyboard2,cos,0.7200578451156616,0.6987917423248291,1,0
resnet50,bottle7-keyboard2,bottle7,keyboard2,bottle7-truck2,bird5-keyboard2,cos,0.7200578451156616,0.7502173185348511,0,1
resnet50,bottle7-keyboard2,bottle7,keyboard2,bottle7-truck2,airplane3-keyboard2,cos,0.7200578451156616,0.7144761681556702,1,0
resnet50,bottle7-keyboard2,bottle7,keyboard2,bottle7-truck2,airplane9-keyboard2,cos,0.7200578451156616,0.560168445110321,1,0
resnet50,bottle7-keyboard2,bottle7,keyboard2,bottle7-truck2,bicycle2-keyboard2,cos,0.7200578451156616,0.5634841322898865,1,0
resnet50,bottle7-keyboard2,bottle7,keyboard2,bottle7-truck2,bottle5-keyboard2,cos,0.7200578451156616,0.8102706074714661,0,1
resnet50,bottle7-keyboard2,bottle7,keyboard2,bottle7-truck2,clock7-keyboard2,cos,0.7200578451156616,0.6623683571815491,1,0
resnet50,bottle7-keyboard2,bottle7,keyboard2,bottle7-truck2,clock9-keyboard2,cos,0.7200578451156616,0.5997262597084045,1,0
resnet50,bottle7-keyboard2,bottle7,keyboard2,bottle7-truck2,elephant3-keyboard2,cos,0.7200578451156616,0.7078365087509155,1,0
resnet50,bottle7-keyboard2,bottle7,keyboard2,bottle7-cat2,cat4-keyboard2,cos,0.6514829397201538,0.7554905414581299,0,1
resnet50,bottle7-keyboard2,bottle7,keyboard2,bottle7-cat2,car1-keyboard2,cos,0.6514829397201538,0.6852569580078125,0,1
resnet50,bottle7-keyboard2,bottle7,keyboard2,bottle7-cat2,car10-keyboard2,cos,0.6514829397201538,0.6610092520713806,0,1
resnet50,bottle7-keyboard2,bottle7,keyboard2,bottle7-cat2,car9-keyboard2,cos,0.6514829397201538,0.6712977290153503,0,1
resnet50,bottle7-keyboard2,bottle7,keyboard2,bottle7-cat2,dog10-keyboard2,cos,0.6514829397201538,0.7278234958648682,0,1
resnet50,bottle7-keyboard2,bottle7,keyboard2,bottle7-cat2,dog4-keyboard2,cos,0.6514829397201538,0.7820180058479309,0,1
resnet50,bottle7-keyboard2,bottle7,keyboard2,bottle7-cat2,bear2-keyboard2,cos,0.6514829397201538,0.7345179319381714,0,1
resnet50,bottle7-keyboard2,bottle7,keyboard2,bottle7-cat2,bear3-keyboard2,cos,0.6514829397201538,0.6815258860588074,0,1
resnet50,bottle7-keyboard2,bottle7,keyboard2,bottle7-cat2,boat9-keyboard2,cos,0.6514829397201538,0.6258037090301514,1,0
resnet50,bottle7-keyboard2,bottle7,keyboard2,bottle7-cat2,boat3-keyboard2,cos,0.6514829397201538,0.7309207320213318,0,1
resnet50,bottle7-keyboard2,bottle7,keyboard2,bottle7-cat2,oven5-keyboard2,cos,0.6514829397201538,0.7029058337211609,0,1
resnet50,bottle7-keyboard2,bottle7,keyboard2,bottle7-cat2,chair5-keyboard2,cos,0.6514829397201538,0.7075051069259644,0,1
resnet50,bottle7-keyboard2,bottle7,keyboard2,bottle7-cat2,chair2-keyboard2,cos,0.6514829397201538,0.6676711440086365,0,1
resnet50,bottle7-keyboard2,bottle7,keyboard2,bottle7-cat2,chair4-keyboard2,cos,0.6514829397201538,0.5971380472183228,1,0
resnet50,bottle7-keyboard2,bottle7,keyboard2,bottle7-cat2,chair9-keyboard2,cos,0.6514829397201538,0.6531926393508911,0,1
resnet50,bottle7-keyboard2,bottle7,keyboard2,bottle7-cat2,truck8-keyboard2,cos,0.6514829397201538,0.6789258122444153,0,1
resnet50,bottle7-keyboard2,bottle7,keyboard2,bottle7-cat2,bird8-keyboard2,cos,0.6514829397201538,0.6987917423248291,0,1
resnet50,bottle7-keyboard2,bottle7,keyboard2,bottle7-cat2,bird5-keyboard2,cos,0.6514829397201538,0.7502173185348511,0,1
resnet50,bottle7-keyboard2,bottle7,keyboard2,bottle7-cat2,airplane3-keyboard2,cos,0.6514829397201538,0.7144761681556702,0,1
resnet50,bottle7-keyboard2,bottle7,keyboard2,bottle7-cat2,airplane9-keyboard2,cos,0.6514829397201538,0.560168445110321,1,0
resnet50,bottle7-keyboard2,bottle7,keyboard2,bottle7-cat2,bicycle2-keyboard2,cos,0.6514829397201538,0.5634841322898865,1,0
resnet50,bottle7-keyboard2,bottle7,keyboard2,bottle7-cat2,bottle5-keyboard2,cos,0.6514829397201538,0.8102706074714661,0,1
resnet50,bottle7-keyboard2,bottle7,keyboard2,bottle7-cat2,clock7-keyboard2,cos,0.6514829397201538,0.6623683571815491,0,1
resnet50,bottle7-keyboard2,bottle7,keyboard2,bottle7-cat2,clock9-keyboard2,cos,0.6514829397201538,0.5997262597084045,1,0
resnet50,bottle7-keyboard2,bottle7,keyboard2,bottle7-cat2,elephant3-keyboard2,cos,0.6514829397201538,0.7078365087509155,0,1
resnet50,bottle7-keyboard2,bottle7,keyboard2,bottle7-airplane3,cat4-keyboard2,cos,0.8036635518074036,0.7554905414581299,1,0
resnet50,bottle7-keyboard2,bottle7,keyboard2,bottle7-airplane3,car1-keyboard2,cos,0.8036635518074036,0.6852569580078125,1,0
resnet50,bottle7-keyboard2,bottle7,keyboard2,bottle7-airplane3,car10-keyboard2,cos,0.8036635518074036,0.6610092520713806,1,0
resnet50,bottle7-keyboard2,bottle7,keyboard2,bottle7-airplane3,car9-keyboard2,cos,0.8036635518074036,0.6712977290153503,1,0
resnet50,bottle7-keyboard2,bottle7,keyboard2,bottle7-airplane3,dog10-keyboard2,cos,0.8036635518074036,0.7278234958648682,1,0
resnet50,bottle7-keyboard2,bottle7,keyboard2,bottle7-airplane3,dog4-keyboard2,cos,0.8036635518074036,0.7820180058479309,1,0
resnet50,bottle7-keyboard2,bottle7,keyboard2,bottle7-airplane3,bear2-keyboard2,cos,0.8036635518074036,0.7345179319381714,1,0
resnet50,bottle7-keyboard2,bottle7,keyboard2,bottle7-airplane3,bear3-keyboard2,cos,0.8036635518074036,0.6815258860588074,1,0
resnet50,bottle7-keyboard2,bottle7,keyboard2,bottle7-airplane3,boat9-keyboard2,cos,0.8036635518074036,0.6258037090301514,1,0
resnet50,bottle7-keyboard2,bottle7,keyboard2,bottle7-airplane3,boat3-keyboard2,cos,0.8036635518074036,0.7309207320213318,1,0
resnet50,bottle7-keyboard2,bottle7,keyboard2,bottle7-airplane3,oven5-keyboard2,cos,0.8036635518074036,0.7029058337211609,1,0
resnet50,bottle7-keyboard2,bottle7,keyboard2,bottle7-airplane3,chair5-keyboard2,cos,0.8036635518074036,0.7075051069259644,1,0
resnet50,bottle7-keyboard2,bottle7,keyboard2,bottle7-airplane3,chair2-keyboard2,cos,0.8036635518074036,0.6676711440086365,1,0
resnet50,bottle7-keyboard2,bottle7,keyboard2,bottle7-airplane3,chair4-keyboard2,cos,0.8036635518074036,0.5971380472183228,1,0
resnet50,bottle7-keyboard2,bottle7,keyboard2,bottle7-airplane3,chair9-keyboard2,cos,0.8036635518074036,0.6531926393508911,1,0
resnet50,bottle7-keyboard2,bottle7,keyboard2,bottle7-airplane3,truck8-keyboard2,cos,0.8036635518074036,0.6789258122444153,1,0
resnet50,bottle7-keyboard2,bottle7,keyboard2,bottle7-airplane3,bird8-keyboard2,cos,0.8036635518074036,0.6987917423248291,1,0
resnet50,bottle7-keyboard2,bottle7,keyboard2,bottle7-airplane3,bird5-keyboard2,cos,0.8036635518074036,0.7502173185348511,1,0
resnet50,bottle7-keyboard2,bottle7,keyboard2,bottle7-airplane3,airplane3-keyboard2,cos,0.8036635518074036,0.7144761681556702,1,0
resnet50,bottle7-keyboard2,bottle7,keyboard2,bottle7-airplane3,airplane9-keyboard2,cos,0.8036635518074036,0.560168445110321,1,0
resnet50,bottle7-keyboard2,bottle7,keyboard2,bottle7-airplane3,bicycle2-keyboard2,cos,0.8036635518074036,0.5634841322898865,1,0
resnet50,bottle7-keyboard2,bottle7,keyboard2,bottle7-airplane3,bottle5-keyboard2,cos,0.8036635518074036,0.8102706074714661,0,1
resnet50,bottle7-keyboard2,bottle7,keyboard2,bottle7-airplane3,clock7-keyboard2,cos,0.8036635518074036,0.6623683571815491,1,0
resnet50,bottle7-keyboard2,bottle7,keyboard2,bottle7-airplane3,clock9-keyboard2,cos,0.8036635518074036,0.5997262597084045,1,0
resnet50,bottle7-keyboard2,bottle7,keyboard2,bottle7-airplane3,elephant3-keyboard2,cos,0.8036635518074036,0.7078365087509155,1,0
resnet50,bottle7-keyboard2,bottle7,keyboard2,bottle7-bear1,cat4-keyboard2,cos,0.6973380446434021,0.7554905414581299,0,1
resnet50,bottle7-keyboard2,bottle7,keyboard2,bottle7-bear1,car1-keyboard2,cos,0.6973380446434021,0.6852569580078125,1,0
resnet50,bottle7-keyboard2,bottle7,keyboard2,bottle7-bear1,car10-keyboard2,cos,0.6973380446434021,0.6610092520713806,1,0
resnet50,bottle7-keyboard2,bottle7,keyboard2,bottle7-bear1,car9-keyboard2,cos,0.6973380446434021,0.6712977290153503,1,0
resnet50,bottle7-keyboard2,bottle7,keyboard2,bottle7-bear1,dog10-keyboard2,cos,0.6973380446434021,0.7278234958648682,0,1
resnet50,bottle7-keyboard2,bottle7,keyboard2,bottle7-bear1,dog4-keyboard2,cos,0.6973380446434021,0.7820180058479309,0,1
resnet50,bottle7-keyboard2,bottle7,keyboard2,bottle7-bear1,bear2-keyboard2,cos,0.6973380446434021,0.7345179319381714,0,1
resnet50,bottle7-keyboard2,bottle7,keyboard2,bottle7-bear1,bear3-keyboard2,cos,0.6973380446434021,0.6815258860588074,1,0
resnet50,bottle7-keyboard2,bottle7,keyboard2,bottle7-bear1,boat9-keyboard2,cos,0.6973380446434021,0.6258037090301514,1,0
resnet50,bottle7-keyboard2,bottle7,keyboard2,bottle7-bear1,boat3-keyboard2,cos,0.6973380446434021,0.7309207320213318,0,1
resnet50,bottle7-keyboard2,bottle7,keyboard2,bottle7-bear1,oven5-keyboard2,cos,0.6973380446434021,0.7029058337211609,0,1
resnet50,bottle7-keyboard2,bottle7,keyboard2,bottle7-bear1,chair5-keyboard2,cos,0.6973380446434021,0.7075051069259644,0,1
resnet50,bottle7-keyboard2,bottle7,keyboard2,bottle7-bear1,chair2-keyboard2,cos,0.6973380446434021,0.6676711440086365,1,0
resnet50,bottle7-keyboard2,bottle7,keyboard2,bottle7-bear1,chair4-keyboard2,cos,0.6973380446434021,0.5971380472183228,1,0
resnet50,bottle7-keyboard2,bottle7,keyboard2,bottle7-bear1,chair9-keyboard2,cos,0.6973380446434021,0.6531926393508911,1,0
resnet50,bottle7-keyboard2,bottle7,keyboard2,bottle7-bear1,truck8-keyboard2,cos,0.6973380446434021,0.6789258122444153,1,0
resnet50,bottle7-keyboard2,bottle7,keyboard2,bottle7-bear1,bird8-keyboard2,cos,0.6973380446434021,0.6987917423248291,0,1
resnet50,bottle7-keyboard2,bottle7,keyboard2,bottle7-bear1,bird5-keyboard2,cos,0.6973380446434021,0.7502173185348511,0,1
resnet50,bottle7-keyboard2,bottle7,keyboard2,bottle7-bear1,airplane3-keyboard2,cos,0.6973380446434021,0.7144761681556702,0,1
resnet50,bottle7-keyboard2,bottle7,keyboard2,bottle7-bear1,airplane9-keyboard2,cos,0.6973380446434021,0.560168445110321,1,0
resnet50,bottle7-keyboard2,bottle7,keyboard2,bottle7-bear1,bicycle2-keyboard2,cos,0.6973380446434021,0.5634841322898865,1,0
resnet50,bottle7-keyboard2,bottle7,keyboard2,bottle7-bear1,bottle5-keyboard2,cos,0.6973380446434021,0.8102706074714661,0,1
resnet50,bottle7-keyboard2,bottle7,keyboard2,bottle7-bear1,clock7-keyboard2,cos,0.6973380446434021,0.6623683571815491,1,0
resnet50,bottle7-keyboard2,bottle7,keyboard2,bottle7-bear1,clock9-keyboard2,cos,0.6973380446434021,0.5997262597084045,1,0
resnet50,bottle7-keyboard2,bottle7,keyboard2,bottle7-bear1,elephant3-keyboard2,cos,0.6973380446434021,0.7078365087509155,0,1
resnet50,bottle7-keyboard2,bottle7,keyboard2,bottle7-boat3,cat4-keyboard2,cos,0.7774280309677124,0.7554905414581299,1,0
resnet50,bottle7-keyboard2,bottle7,keyboard2,bottle7-boat3,car1-keyboard2,cos,0.7774280309677124,0.6852569580078125,1,0
resnet50,bottle7-keyboard2,bottle7,keyboard2,bottle7-boat3,car10-keyboard2,cos,0.7774280309677124,0.6610092520713806,1,0
resnet50,bottle7-keyboard2,bottle7,keyboard2,bottle7-boat3,car9-keyboard2,cos,0.7774280309677124,0.6712977290153503,1,0
resnet50,bottle7-keyboard2,bottle7,keyboard2,bottle7-boat3,dog10-keyboard2,cos,0.7774280309677124,0.7278234958648682,1,0
resnet50,bottle7-keyboard2,bottle7,keyboard2,bottle7-boat3,dog4-keyboard2,cos,0.7774280309677124,0.7820180058479309,0,1
resnet50,bottle7-keyboard2,bottle7,keyboard2,bottle7-boat3,bear2-keyboard2,cos,0.7774280309677124,0.7345179319381714,1,0
resnet50,bottle7-keyboard2,bottle7,keyboard2,bottle7-boat3,bear3-keyboard2,cos,0.7774280309677124,0.6815258860588074,1,0
resnet50,bottle7-keyboard2,bottle7,keyboard2,bottle7-boat3,boat9-keyboard2,cos,0.7774280309677124,0.6258037090301514,1,0
resnet50,bottle7-keyboard2,bottle7,keyboard2,bottle7-boat3,boat3-keyboard2,cos,0.7774280309677124,0.7309207320213318,1,0
resnet50,bottle7-keyboard2,bottle7,keyboard2,bottle7-boat3,oven5-keyboard2,cos,0.7774280309677124,0.7029058337211609,1,0
resnet50,bottle7-keyboard2,bottle7,keyboard2,bottle7-boat3,chair5-keyboard2,cos,0.7774280309677124,0.7075051069259644,1,0
resnet50,bottle7-keyboard2,bottle7,keyboard2,bottle7-boat3,chair2-keyboard2,cos,0.7774280309677124,0.6676711440086365,1,0
resnet50,bottle7-keyboard2,bottle7,keyboard2,bottle7-boat3,chair4-keyboard2,cos,0.7774280309677124,0.5971380472183228,1,0
resnet50,bottle7-keyboard2,bottle7,keyboard2,bottle7-boat3,chair9-keyboard2,cos,0.7774280309677124,0.6531926393508911,1,0
resnet50,bottle7-keyboard2,bottle7,keyboard2,bottle7-boat3,truck8-keyboard2,cos,0.7774280309677124,0.6789258122444153,1,0
resnet50,bottle7-keyboard2,bottle7,keyboard2,bottle7-boat3,bird8-keyboard2,cos,0.7774280309677124,0.6987917423248291,1,0
resnet50,bottle7-keyboard2,bottle7,keyboard2,bottle7-boat3,bird5-keyboard2,cos,0.7774280309677124,0.7502173185348511,1,0
resnet50,bottle7-keyboard2,bottle7,keyboard2,bottle7-boat3,airplane3-keyboard2,cos,0.7774280309677124,0.7144761681556702,1,0
resnet50,bottle7-keyboard2,bottle7,keyboard2,bottle7-boat3,airplane9-keyboard2,cos,0.7774280309677124,0.560168445110321,1,0
resnet50,bottle7-keyboard2,bottle7,keyboard2,bottle7-boat3,bicycle2-keyboard2,cos,0.7774280309677124,0.5634841322898865,1,0
resnet50,bottle7-keyboard2,bottle7,keyboard2,bottle7-boat3,bottle5-keyboard2,cos,0.7774280309677124,0.8102706074714661,0,1
resnet50,bottle7-keyboard2,bottle7,keyboard2,bottle7-boat3,clock7-keyboard2,cos,0.7774280309677124,0.6623683571815491,1,0
resnet50,bottle7-keyboard2,bottle7,keyboard2,bottle7-boat3,clock9-keyboard2,cos,0.7774280309677124,0.5997262597084045,1,0
resnet50,bottle7-keyboard2,bottle7,keyboard2,bottle7-boat3,elephant3-keyboard2,cos,0.7774280309677124,0.7078365087509155,1,0
resnet50,bottle7-keyboard2,bottle7,keyboard2,bottle7-clock1,cat4-keyboard2,cos,0.7105535268783569,0.7554905414581299,0,1
resnet50,bottle7-keyboard2,bottle7,keyboard2,bottle7-clock1,car1-keyboard2,cos,0.7105535268783569,0.6852569580078125,1,0
resnet50,bottle7-keyboard2,bottle7,keyboard2,bottle7-clock1,car10-keyboard2,cos,0.7105535268783569,0.6610092520713806,1,0
resnet50,bottle7-keyboard2,bottle7,keyboard2,bottle7-clock1,car9-keyboard2,cos,0.7105535268783569,0.6712977290153503,1,0
resnet50,bottle7-keyboard2,bottle7,keyboard2,bottle7-clock1,dog10-keyboard2,cos,0.7105535268783569,0.7278234958648682,0,1
resnet50,bottle7-keyboard2,bottle7,keyboard2,bottle7-clock1,dog4-keyboard2,cos,0.7105535268783569,0.7820180058479309,0,1
resnet50,bottle7-keyboard2,bottle7,keyboard2,bottle7-clock1,bear2-keyboard2,cos,0.7105535268783569,0.7345179319381714,0,1
resnet50,bottle7-keyboard2,bottle7,keyboard2,bottle7-clock1,bear3-keyboard2,cos,0.7105535268783569,0.6815258860588074,1,0
resnet50,bottle7-keyboard2,bottle7,keyboard2,bottle7-clock1,boat9-keyboard2,cos,0.7105535268783569,0.6258037090301514,1,0
resnet50,bottle7-keyboard2,bottle7,keyboard2,bottle7-clock1,boat3-keyboard2,cos,0.7105535268783569,0.7309207320213318,0,1
resnet50,bottle7-keyboard2,bottle7,keyboard2,bottle7-clock1,oven5-keyboard2,cos,0.7105535268783569,0.7029058337211609,1,0
resnet50,bottle7-keyboard2,bottle7,keyboard2,bottle7-clock1,chair5-keyboard2,cos,0.7105535268783569,0.7075051069259644,1,0
resnet50,bottle7-keyboard2,bottle7,keyboard2,bottle7-clock1,chair2-keyboard2,cos,0.7105535268783569,0.6676711440086365,1,0
resnet50,bottle7-keyboard2,bottle7,keyboard2,bottle7-clock1,chair4-keyboard2,cos,0.7105535268783569,0.5971380472183228,1,0
resnet50,bottle7-keyboard2,bottle7,keyboard2,bottle7-clock1,chair9-keyboard2,cos,0.7105535268783569,0.6531926393508911,1,0
resnet50,bottle7-keyboard2,bottle7,keyboard2,bottle7-clock1,truck8-keyboard2,cos,0.7105535268783569,0.6789258122444153,1,0
resnet50,bottle7-keyboard2,bottle7,keyboard2,bottle7-clock1,bird8-keyboard2,cos,0.7105535268783569,0.6987917423248291,1,0
resnet50,bottle7-keyboard2,bottle7,keyboard2,bottle7-clock1,bird5-keyboard2,cos,0.7105535268783569,0.7502173185348511,0,1
resnet50,bottle7-keyboard2,bottle7,keyboard2,bottle7-clock1,airplane3-keyboard2,cos,0.7105535268783569,0.7144761681556702,0,1
resnet50,bottle7-keyboard2,bottle7,keyboard2,bottle7-clock1,airplane9-keyboard2,cos,0.7105535268783569,0.560168445110321,1,0
resnet50,bottle7-keyboard2,bottle7,keyboard2,bottle7-clock1,bicycle2-keyboard2,cos,0.7105535268783569,0.5634841322898865,1,0
resnet50,bottle7-keyboard2,bottle7,keyboard2,bottle7-clock1,bottle5-keyboard2,cos,0.7105535268783569,0.8102706074714661,0,1
resnet50,bottle7-keyboard2,bottle7,keyboard2,bottle7-clock1,clock7-keyboard2,cos,0.7105535268783569,0.6623683571815491,1,0
resnet50,bottle7-keyboard2,bottle7,keyboard2,bottle7-clock1,clock9-keyboard2,cos,0.7105535268783569,0.5997262597084045,1,0
resnet50,bottle7-keyboard2,bottle7,keyboard2,bottle7-clock1,elephant3-keyboard2,cos,0.7105535268783569,0.7078365087509155,1,0
resnet50,bottle7-keyboard2,bottle7,keyboard2,bottle7-elephant2,cat4-keyboard2,ed,22.263858795166016,20.86840057373047,0,1
resnet50,bottle7-keyboard2,bottle7,keyboard2,bottle7-elephant2,car1-keyboard2,ed,22.263858795166016,23.278472900390625,1,0
resnet50,bottle7-keyboard2,bottle7,keyboard2,bottle7-elephant2,car10-keyboard2,ed,22.263858795166016,24.29836654663086,1,0
resnet50,bottle7-keyboard2,bottle7,keyboard2,bottle7-elephant2,car9-keyboard2,ed,22.263858795166016,24.766925811767578,1,0
resnet50,bottle7-keyboard2,bottle7,keyboard2,bottle7-elephant2,dog10-keyboard2,ed,22.263858795166016,21.519779205322266,0,1
resnet50,bottle7-keyboard2,bottle7,keyboard2,bottle7-elephant2,dog4-keyboard2,ed,22.263858795166016,19.55689811706543,0,1
resnet50,bottle7-keyboard2,bottle7,keyboard2,bottle7-elephant2,bear2-keyboard2,ed,22.263858795166016,22.17732810974121,0,1
resnet50,bottle7-keyboard2,bottle7,keyboard2,bottle7-elephant2,bear3-keyboard2,ed,22.263858795166016,23.03896141052246,1,0
resnet50,bottle7-keyboard2,bottle7,keyboard2,bottle7-elephant2,boat9-keyboard2,ed,22.263858795166016,25.996450424194336,1,0
resnet50,bottle7-keyboard2,bottle7,keyboard2,bottle7-elephant2,boat3-keyboard2,ed,22.263858795166016,21.216981887817383,0,1
resnet50,bottle7-keyboard2,bottle7,keyboard2,bottle7-elephant2,oven5-keyboard2,ed,22.263858795166016,22.90215492248535,1,0
resnet50,bottle7-keyboard2,bottle7,keyboard2,bottle7-elephant2,chair5-keyboard2,ed,22.263858795166016,23.729726791381836,1,0
resnet50,bottle7-keyboard2,bottle7,keyboard2,bottle7-elephant2,chair2-keyboard2,ed,22.263858795166016,24.512590408325195,1,0
resnet50,bottle7-keyboard2,bottle7,keyboard2,bottle7-elephant2,chair4-keyboard2,ed,22.263858795166016,27.187408447265625,1,0
resnet50,bottle7-keyboard2,bottle7,keyboard2,bottle7-elephant2,chair9-keyboard2,ed,22.263858795166016,24.394498825073242,1,0
resnet50,bottle7-keyboard2,bottle7,keyboard2,bottle7-elephant2,truck8-keyboard2,ed,22.263858795166016,23.47859764099121,1,0
resnet50,bottle7-keyboard2,bottle7,keyboard2,bottle7-elephant2,bird8-keyboard2,ed,22.263858795166016,23.128971099853516,1,0
resnet50,bottle7-keyboard2,bottle7,keyboard2,bottle7-elephant2,bird5-keyboard2,ed,22.263858795166016,22.042993545532227,0,1
resnet50,bottle7-keyboard2,bottle7,keyboard2,bottle7-elephant2,airplane3-keyboard2,ed,22.263858795166016,21.873960494995117,0,1
resnet50,bottle7-keyboard2,bottle7,keyboard2,bottle7-elephant2,airplane9-keyboard2,ed,22.263858795166016,27.160749435424805,1,0
resnet50,bottle7-keyboard2,bottle7,keyboard2,bottle7-elephant2,bicycle2-keyboard2,ed,22.263858795166016,27.990480422973633,1,0
resnet50,bottle7-keyboard2,bottle7,keyboard2,bottle7-elephant2,bottle5-keyboard2,ed,22.263858795166016,18.207902908325195,0,1
resnet50,bottle7-keyboard2,bottle7,keyboard2,bottle7-elephant2,clock7-keyboard2,ed,22.263858795166016,25.462257385253906,1,0
resnet50,bottle7-keyboard2,bottle7,keyboard2,bottle7-elephant2,clock9-keyboard2,ed,22.263858795166016,24.456932067871094,1,0
resnet50,bottle7-keyboard2,bottle7,keyboard2,bottle7-elephant2,elephant3-keyboard2,ed,22.263858795166016,22.600507736206055,1,0
resnet50,bottle7-keyboard2,bottle7,keyboard2,bottle7-oven2,cat4-keyboard2,ed,19.96260643005371,20.86840057373047,1,0
resnet50,bottle7-keyboard2,bottle7,keyboard2,bottle7-oven2,car1-keyboard2,ed,19.96260643005371,23.278472900390625,1,0
resnet50,bottle7-keyboard2,bottle7,keyboard2,bottle7-oven2,car10-keyboard2,ed,19.96260643005371,24.29836654663086,1,0
resnet50,bottle7-keyboard2,bottle7,keyboard2,bottle7-oven2,car9-keyboard2,ed,19.96260643005371,24.766925811767578,1,0
resnet50,bottle7-keyboard2,bottle7,keyboard2,bottle7-oven2,dog10-keyboard2,ed,19.96260643005371,21.519779205322266,1,0
resnet50,bottle7-keyboard2,bottle7,keyboard2,bottle7-oven2,dog4-keyboard2,ed,19.96260643005371,19.55689811706543,0,1
resnet50,bottle7-keyboard2,bottle7,keyboard2,bottle7-oven2,bear2-keyboard2,ed,19.96260643005371,22.17732810974121,1,0
resnet50,bottle7-keyboard2,bottle7,keyboard2,bottle7-oven2,bear3-keyboard2,ed,19.96260643005371,23.03896141052246,1,0
resnet50,bottle7-keyboard2,bottle7,keyboard2,bottle7-oven2,boat9-keyboard2,ed,19.96260643005371,25.996450424194336,1,0
resnet50,bottle7-keyboard2,bottle7,keyboard2,bottle7-oven2,boat3-keyboard2,ed,19.96260643005371,21.216981887817383,1,0
resnet50,bottle7-keyboard2,bottle7,keyboard2,bottle7-oven2,oven5-keyboard2,ed,19.96260643005371,22.90215492248535,1,0
resnet50,bottle7-keyboard2,bottle7,keyboard2,bottle7-oven2,chair5-keyboard2,ed,19.96260643005371,23.729726791381836,1,0
resnet50,bottle7-keyboard2,bottle7,keyboard2,bottle7-oven2,chair2-keyboard2,ed,19.96260643005371,24.512590408325195,1,0
resnet50,bottle7-keyboard2,bottle7,keyboard2,bottle7-oven2,chair4-keyboard2,ed,19.96260643005371,27.187408447265625,1,0
resnet50,bottle7-keyboard2,bottle7,keyboard2,bottle7-oven2,chair9-keyboard2,ed,19.96260643005371,24.394498825073242,1,0
resnet50,bottle7-keyboard2,bottle7,keyboard2,bottle7-oven2,truck8-keyboard2,ed,19.96260643005371,23.47859764099121,1,0
resnet50,bottle7-keyboard2,bottle7,keyboard2,bottle7-oven2,bird8-keyboard2,ed,19.96260643005371,23.128971099853516,1,0
resnet50,bottle7-keyboard2,bottle7,keyboard2,bottle7-oven2,bird5-keyboard2,ed,19.96260643005371,22.042993545532227,1,0
resnet50,bottle7-keyboard2,bottle7,keyboard2,bottle7-oven2,airplane3-keyboard2,ed,19.96260643005371,21.873960494995117,1,0
resnet50,bottle7-keyboard2,bottle7,keyboard2,bottle7-oven2,airplane9-keyboard2,ed,19.96260643005371,27.160749435424805,1,0
resnet50,bottle7-keyboard2,bottle7,keyboard2,bottle7-oven2,bicycle2-keyboard2,ed,19.96260643005371,27.990480422973633,1,0
resnet50,bottle7-keyboard2,bottle7,keyboard2,bottle7-oven2,bottle5-keyboard2,ed,19.96260643005371,18.207902908325195,0,1
resnet50,bottle7-keyboard2,bottle7,keyboard2,bottle7-oven2,clock7-keyboard2,ed,19.96260643005371,25.462257385253906,1,0
resnet50,bottle7-keyboard2,bottle7,keyboard2,bottle7-oven2,clock9-keyboard2,ed,19.96260643005371,24.456932067871094,1,0
resnet50,bottle7-keyboard2,bottle7,keyboard2,bottle7-oven2,elephant3-keyboard2,ed,19.96260643005371,22.600507736206055,1,0
resnet50,bottle7-keyboard2,bottle7,keyboard2,bottle7-truck2,cat4-keyboard2,ed,22.856698989868164,20.86840057373047,0,1
resnet50,bottle7-keyboard2,bottle7,keyboard2,bottle7-truck2,car1-keyboard2,ed,22.856698989868164,23.278472900390625,1,0
resnet50,bottle7-keyboard2,bottle7,keyboard2,bottle7-truck2,car10-keyboard2,ed,22.856698989868164,24.29836654663086,1,0
resnet50,bottle7-keyboard2,bottle7,keyboard2,bottle7-truck2,car9-keyboard2,ed,22.856698989868164,24.766925811767578,1,0
resnet50,bottle7-keyboard2,bottle7,keyboard2,bottle7-truck2,dog10-keyboard2,ed,22.856698989868164,21.519779205322266,0,1
resnet50,bottle7-keyboard2,bottle7,keyboard2,bottle7-truck2,dog4-keyboard2,ed,22.856698989868164,19.55689811706543,0,1
resnet50,bottle7-keyboard2,bottle7,keyboard2,bottle7-truck2,bear2-keyboard2,ed,22.856698989868164,22.17732810974121,0,1
resnet50,bottle7-keyboard2,bottle7,keyboard2,bottle7-truck2,bear3-keyboard2,ed,22.856698989868164,23.03896141052246,1,0
resnet50,bottle7-keyboard2,bottle7,keyboard2,bottle7-truck2,boat9-keyboard2,ed,22.856698989868164,25.996450424194336,1,0
resnet50,bottle7-keyboard2,bottle7,keyboard2,bottle7-truck2,boat3-keyboard2,ed,22.856698989868164,21.216981887817383,0,1
resnet50,bottle7-keyboard2,bottle7,keyboard2,bottle7-truck2,oven5-keyboard2,ed,22.856698989868164,22.90215492248535,1,0
resnet50,bottle7-keyboard2,bottle7,keyboard2,bottle7-truck2,chair5-keyboard2,ed,22.856698989868164,23.729726791381836,1,0
resnet50,bottle7-keyboard2,bottle7,keyboard2,bottle7-truck2,chair2-keyboard2,ed,22.856698989868164,24.512590408325195,1,0
resnet50,bottle7-keyboard2,bottle7,keyboard2,bottle7-truck2,chair4-keyboard2,ed,22.856698989868164,27.187408447265625,1,0
resnet50,bottle7-keyboard2,bottle7,keyboard2,bottle7-truck2,chair9-keyboard2,ed,22.856698989868164,24.394498825073242,1,0
resnet50,bottle7-keyboard2,bottle7,keyboard2,bottle7-truck2,truck8-keyboard2,ed,22.856698989868164,23.47859764099121,1,0
resnet50,bottle7-keyboard2,bottle7,keyboard2,bottle7-truck2,bird8-keyboard2,ed,22.856698989868164,23.128971099853516,1,0
resnet50,bottle7-keyboard2,bottle7,keyboard2,bottle7-truck2,bird5-keyboard2,ed,22.856698989868164,22.042993545532227,0,1
resnet50,bottle7-keyboard2,bottle7,keyboard2,bottle7-truck2,airplane3-keyboard2,ed,22.856698989868164,21.873960494995117,0,1
resnet50,bottle7-keyboard2,bottle7,keyboard2,bottle7-truck2,airplane9-keyboard2,ed,22.856698989868164,27.160749435424805,1,0
resnet50,bottle7-keyboard2,bottle7,keyboard2,bottle7-truck2,bicycle2-keyboard2,ed,22.856698989868164,27.990480422973633,1,0
resnet50,bottle7-keyboard2,bottle7,keyboard2,bottle7-truck2,bottle5-keyboard2,ed,22.856698989868164,18.207902908325195,0,1
resnet50,bottle7-keyboard2,bottle7,keyboard2,bottle7-truck2,clock7-keyboard2,ed,22.856698989868164,25.462257385253906,1,0
resnet50,bottle7-keyboard2,bottle7,keyboard2,bottle7-truck2,clock9-keyboard2,ed,22.856698989868164,24.456932067871094,1,0
resnet50,bottle7-keyboard2,bottle7,keyboard2,bottle7-truck2,elephant3-keyboard2,ed,22.856698989868164,22.600507736206055,0,1
resnet50,bottle7-keyboard2,bottle7,keyboard2,bottle7-cat2,cat4-keyboard2,ed,24.912002563476562,20.86840057373047,0,1
resnet50,bottle7-keyboard2,bottle7,keyboard2,bottle7-cat2,car1-keyboard2,ed,24.912002563476562,23.278472900390625,0,1
resnet50,bottle7-keyboard2,bottle7,keyboard2,bottle7-cat2,car10-keyboard2,ed,24.912002563476562,24.29836654663086,0,1
resnet50,bottle7-keyboard2,bottle7,keyboard2,bottle7-cat2,car9-keyboard2,ed,24.912002563476562,24.766925811767578,0,1
resnet50,bottle7-keyboard2,bottle7,keyboard2,bottle7-cat2,dog10-keyboard2,ed,24.912002563476562,21.519779205322266,0,1
resnet50,bottle7-keyboard2,bottle7,keyboard2,bottle7-cat2,dog4-keyboard2,ed,24.912002563476562,19.55689811706543,0,1
resnet50,bottle7-keyboard2,bottle7,keyboard2,bottle7-cat2,bear2-keyboard2,ed,24.912002563476562,22.17732810974121,0,1
resnet50,bottle7-keyboard2,bottle7,keyboard2,bottle7-cat2,bear3-keyboard2,ed,24.912002563476562,23.03896141052246,0,1
resnet50,bottle7-keyboard2,bottle7,keyboard2,bottle7-cat2,boat9-keyboard2,ed,24.912002563476562,25.996450424194336,1,0
resnet50,bottle7-keyboard2,bottle7,keyboard2,bottle7-cat2,boat3-keyboard2,ed,24.912002563476562,21.216981887817383,0,1
resnet50,bottle7-keyboard2,bottle7,keyboard2,bottle7-cat2,oven5-keyboard2,ed,24.912002563476562,22.90215492248535,0,1
resnet50,bottle7-keyboard2,bottle7,keyboard2,bottle7-cat2,chair5-keyboard2,ed,24.912002563476562,23.729726791381836,0,1
resnet50,bottle7-keyboard2,bottle7,keyboard2,bottle7-cat2,chair2-keyboard2,ed,24.912002563476562,24.512590408325195,0,1
resnet50,bottle7-keyboard2,bottle7,keyboard2,bottle7-cat2,chair4-keyboard2,ed,24.912002563476562,27.187408447265625,1,0
resnet50,bottle7-keyboard2,bottle7,keyboard2,bottle7-cat2,chair9-keyboard2,ed,24.912002563476562,24.394498825073242,0,1
resnet50,bottle7-keyboard2,bottle7,keyboard2,bottle7-cat2,truck8-keyboard2,ed,24.912002563476562,23.47859764099121,0,1
resnet50,bottle7-keyboard2,bottle7,keyboard2,bottle7-cat2,bird8-keyboard2,ed,24.912002563476562,23.128971099853516,0,1
resnet50,bottle7-keyboard2,bottle7,keyboard2,bottle7-cat2,bird5-keyboard2,ed,24.912002563476562,22.042993545532227,0,1
resnet50,bottle7-keyboard2,bottle7,keyboard2,bottle7-cat2,airplane3-keyboard2,ed,24.912002563476562,21.873960494995117,0,1
resnet50,bottle7-keyboard2,bottle7,keyboard2,bottle7-cat2,airplane9-keyboard2,ed,24.912002563476562,27.160749435424805,1,0
resnet50,bottle7-keyboard2,bottle7,keyboard2,bottle7-cat2,bicycle2-keyboard2,ed,24.912002563476562,27.990480422973633,1,0
resnet50,bottle7-keyboard2,bottle7,keyboard2,bottle7-cat2,bottle5-keyboard2,ed,24.912002563476562,18.207902908325195,0,1
resnet50,bottle7-keyboard2,bottle7,keyboard2,bottle7-cat2,clock7-keyboard2,ed,24.912002563476562,25.462257385253906,1,0
resnet50,bottle7-keyboard2,bottle7,keyboard2,bottle7-cat2,clock9-keyboard2,ed,24.912002563476562,24.456932067871094,0,1
resnet50,bottle7-keyboard2,bottle7,keyboard2,bottle7-cat2,elephant3-keyboard2,ed,24.912002563476562,22.600507736206055,0,1
resnet50,bottle7-keyboard2,bottle7,keyboard2,bottle7-airplane3,cat4-keyboard2,ed,17.862491607666016,20.86840057373047,1,0
resnet50,bottle7-keyboard2,bottle7,keyboard2,bottle7-airplane3,car1-keyboard2,ed,17.862491607666016,23.278472900390625,1,0
resnet50,bottle7-keyboard2,bottle7,keyboard2,bottle7-airplane3,car10-keyboard2,ed,17.862491607666016,24.29836654663086,1,0
resnet50,bottle7-keyboard2,bottle7,keyboard2,bottle7-airplane3,car9-keyboard2,ed,17.862491607666016,24.766925811767578,1,0
resnet50,bottle7-keyboard2,bottle7,keyboard2,bottle7-airplane3,dog10-keyboard2,ed,17.862491607666016,21.519779205322266,1,0
resnet50,bottle7-keyboard2,bottle7,keyboard2,bottle7-airplane3,dog4-keyboard2,ed,17.862491607666016,19.55689811706543,1,0
resnet50,bottle7-keyboard2,bottle7,keyboard2,bottle7-airplane3,bear2-keyboard2,ed,17.862491607666016,22.17732810974121,1,0
resnet50,bottle7-keyboard2,bottle7,keyboard2,bottle7-airplane3,bear3-keyboard2,ed,17.862491607666016,23.03896141052246,1,0
resnet50,bottle7-keyboard2,bottle7,keyboard2,bottle7-airplane3,boat9-keyboard2,ed,17.862491607666016,25.996450424194336,1,0
resnet50,bottle7-keyboard2,bottle7,keyboard2,bottle7-airplane3,boat3-keyboard2,ed,17.862491607666016,21.216981887817383,1,0
resnet50,bottle7-keyboard2,bottle7,keyboard2,bottle7-airplane3,oven5-keyboard2,ed,17.862491607666016,22.90215492248535,1,0
resnet50,bottle7-keyboard2,bottle7,keyboard2,bottle7-airplane3,chair5-keyboard2,ed,17.862491607666016,23.729726791381836,1,0
resnet50,bottle7-keyboard2,bottle7,keyboard2,bottle7-airplane3,chair2-keyboard2,ed,17.862491607666016,24.512590408325195,1,0
resnet50,bottle7-keyboard2,bottle7,keyboard2,bottle7-airplane3,chair4-keyboard2,ed,17.862491607666016,27.187408447265625,1,0
resnet50,bottle7-keyboard2,bottle7,keyboard2,bottle7-airplane3,chair9-keyboard2,ed,17.862491607666016,24.394498825073242,1,0
resnet50,bottle7-keyboard2,bottle7,keyboard2,bottle7-airplane3,truck8-keyboard2,ed,17.862491607666016,23.47859764099121,1,0
resnet50,bottle7-keyboard2,bottle7,keyboard2,bottle7-airplane3,bird8-keyboard2,ed,17.862491607666016,23.128971099853516,1,0
resnet50,bottle7-keyboard2,bottle7,keyboard2,bottle7-airplane3,bird5-keyboard2,ed,17.862491607666016,22.042993545532227,1,0
resnet50,bottle7-keyboard2,bottle7,keyboard2,bottle7-airplane3,airplane3-keyboard2,ed,17.862491607666016,21.873960494995117,1,0
resnet50,bottle7-keyboard2,bottle7,keyboard2,bottle7-airplane3,airplane9-keyboard2,ed,17.862491607666016,27.160749435424805,1,0
resnet50,bottle7-keyboard2,bottle7,keyboard2,bottle7-airplane3,bicycle2-keyboard2,ed,17.862491607666016,27.990480422973633,1,0
resnet50,bottle7-keyboard2,bottle7,keyboard2,bottle7-airplane3,bottle5-keyboard2,ed,17.862491607666016,18.207902908325195,1,0
resnet50,bottle7-keyboard2,bottle7,keyboard2,bottle7-airplane3,clock7-keyboard2,ed,17.862491607666016,25.462257385253906,1,0
resnet50,bottle7-keyboard2,bottle7,keyboard2,bottle7-airplane3,clock9-keyboard2,ed,17.862491607666016,24.456932067871094,1,0
resnet50,bottle7-keyboard2,bottle7,keyboard2,bottle7-airplane3,elephant3-keyboard2,ed,17.862491607666016,22.600507736206055,1,0
resnet50,bottle7-keyboard2,bottle7,keyboard2,bottle7-bear1,cat4-keyboard2,ed,23.520774841308594,20.86840057373047,0,1
resnet50,bottle7-keyboard2,bottle7,keyboard2,bottle7-bear1,car1-keyboard2,ed,23.520774841308594,23.278472900390625,0,1
resnet50,bottle7-keyboard2,bottle7,keyboard2,bottle7-bear1,car10-keyboard2,ed,23.520774841308594,24.29836654663086,1,0
resnet50,bottle7-keyboard2,bottle7,keyboard2,bottle7-bear1,car9-keyboard2,ed,23.520774841308594,24.766925811767578,1,0
resnet50,bottle7-keyboard2,bottle7,keyboard2,bottle7-bear1,dog10-keyboard2,ed,23.520774841308594,21.519779205322266,0,1
resnet50,bottle7-keyboard2,bottle7,keyboard2,bottle7-bear1,dog4-keyboard2,ed,23.520774841308594,19.55689811706543,0,1
resnet50,bottle7-keyboard2,bottle7,keyboard2,bottle7-bear1,bear2-keyboard2,ed,23.520774841308594,22.17732810974121,0,1
resnet50,bottle7-keyboard2,bottle7,keyboard2,bottle7-bear1,bear3-keyboard2,ed,23.520774841308594,23.03896141052246,0,1
resnet50,bottle7-keyboard2,bottle7,keyboard2,bottle7-bear1,boat9-keyboard2,ed,23.520774841308594,25.996450424194336,1,0
resnet50,bottle7-keyboard2,bottle7,keyboard2,bottle7-bear1,boat3-keyboard2,ed,23.520774841308594,21.216981887817383,0,1
resnet50,bottle7-keyboard2,bottle7,keyboard2,bottle7-bear1,oven5-keyboard2,ed,23.520774841308594,22.90215492248535,0,1
resnet50,bottle7-keyboard2,bottle7,keyboard2,bottle7-bear1,chair5-keyboard2,ed,23.520774841308594,23.729726791381836,1,0
resnet50,bottle7-keyboard2,bottle7,keyboard2,bottle7-bear1,chair2-keyboard2,ed,23.520774841308594,24.512590408325195,1,0
resnet50,bottle7-keyboard2,bottle7,keyboard2,bottle7-bear1,chair4-keyboard2,ed,23.520774841308594,27.187408447265625,1,0
resnet50,bottle7-keyboard2,bottle7,keyboard2,bottle7-bear1,chair9-keyboard2,ed,23.520774841308594,24.394498825073242,1,0
resnet50,bottle7-keyboard2,bottle7,keyboard2,bottle7-bear1,truck8-keyboard2,ed,23.520774841308594,23.47859764099121,0,1
resnet50,bottle7-keyboard2,bottle7,keyboard2,bottle7-bear1,bird8-keyboard2,ed,23.520774841308594,23.128971099853516,0,1
resnet50,bottle7-keyboard2,bottle7,keyboard2,bottle7-bear1,bird5-keyboard2,ed,23.520774841308594,22.042993545532227,0,1
resnet50,bottle7-keyboard2,bottle7,keyboard2,bottle7-bear1,airplane3-keyboard2,ed,23.520774841308594,21.873960494995117,0,1
resnet50,bottle7-keyboard2,bottle7,keyboard2,bottle7-bear1,airplane9-keyboard2,ed,23.520774841308594,27.160749435424805,1,0
resnet50,bottle7-keyboard2,bottle7,keyboard2,bottle7-bear1,bicycle2-keyboard2,ed,23.520774841308594,27.990480422973633,1,0
resnet50,bottle7-keyboard2,bottle7,keyboard2,bottle7-bear1,bottle5-keyboard2,ed,23.520774841308594,18.207902908325195,0,1
resnet50,bottle7-keyboard2,bottle7,keyboard2,bottle7-bear1,clock7-keyboard2,ed,23.520774841308594,25.462257385253906,1,0
resnet50,bottle7-keyboard2,bottle7,keyboard2,bottle7-bear1,clock9-keyboard2,ed,23.520774841308594,24.456932067871094,1,0
resnet50,bottle7-keyboard2,bottle7,keyboard2,bottle7-bear1,elephant3-keyboard2,ed,23.520774841308594,22.600507736206055,0,1
resnet50,bottle7-keyboard2,bottle7,keyboard2,bottle7-boat3,cat4-keyboard2,ed,18.802875518798828,20.86840057373047,1,0
resnet50,bottle7-keyboard2,bottle7,keyboard2,bottle7-boat3,car1-keyboard2,ed,18.802875518798828,23.278472900390625,1,0
resnet50,bottle7-keyboard2,bottle7,keyboard2,bottle7-boat3,car10-keyboard2,ed,18.802875518798828,24.29836654663086,1,0
resnet50,bottle7-keyboard2,bottle7,keyboard2,bottle7-boat3,car9-keyboard2,ed,18.802875518798828,24.766925811767578,1,0
resnet50,bottle7-keyboard2,bottle7,keyboard2,bottle7-boat3,dog10-keyboard2,ed,18.802875518798828,21.519779205322266,1,0
resnet50,bottle7-keyboard2,bottle7,keyboard2,bottle7-boat3,dog4-keyboard2,ed,18.802875518798828,19.55689811706543,1,0
resnet50,bottle7-keyboard2,bottle7,keyboard2,bottle7-boat3,bear2-keyboard2,ed,18.802875518798828,22.17732810974121,1,0
resnet50,bottle7-keyboard2,bottle7,keyboard2,bottle7-boat3,bear3-keyboard2,ed,18.802875518798828,23.03896141052246,1,0
resnet50,bottle7-keyboard2,bottle7,keyboard2,bottle7-boat3,boat9-keyboard2,ed,18.802875518798828,25.996450424194336,1,0
resnet50,bottle7-keyboard2,bottle7,keyboard2,bottle7-boat3,boat3-keyboard2,ed,18.802875518798828,21.216981887817383,1,0
resnet50,bottle7-keyboard2,bottle7,keyboard2,bottle7-boat3,oven5-keyboard2,ed,18.802875518798828,22.90215492248535,1,0
resnet50,bottle7-keyboard2,bottle7,keyboard2,bottle7-boat3,chair5-keyboard2,ed,18.802875518798828,23.729726791381836,1,0
resnet50,bottle7-keyboard2,bottle7,keyboard2,bottle7-boat3,chair2-keyboard2,ed,18.802875518798828,24.512590408325195,1,0
resnet50,bottle7-keyboard2,bottle7,keyboard2,bottle7-boat3,chair4-keyboard2,ed,18.802875518798828,27.187408447265625,1,0
resnet50,bottle7-keyboard2,bottle7,keyboard2,bottle7-boat3,chair9-keyboard2,ed,18.802875518798828,24.394498825073242,1,0
resnet50,bottle7-keyboard2,bottle7,keyboard2,bottle7-boat3,truck8-keyboard2,ed,18.802875518798828,23.47859764099121,1,0
resnet50,bottle7-keyboard2,bottle7,keyboard2,bottle7-boat3,bird8-keyboard2,ed,18.802875518798828,23.128971099853516,1,0
resnet50,bottle7-keyboard2,bottle7,keyboard2,bottle7-boat3,bird5-keyboard2,ed,18.802875518798828,22.042993545532227,1,0
resnet50,bottle7-keyboard2,bottle7,keyboard2,bottle7-boat3,airplane3-keyboard2,ed,18.802875518798828,21.873960494995117,1,0
resnet50,bottle7-keyboard2,bottle7,keyboard2,bottle7-boat3,airplane9-keyboard2,ed,18.802875518798828,27.160749435424805,1,0
resnet50,bottle7-keyboard2,bottle7,keyboard2,bottle7-boat3,bicycle2-keyboard2,ed,18.802875518798828,27.990480422973633,1,0
resnet50,bottle7-keyboard2,bottle7,keyboard2,bottle7-boat3,bottle5-keyboard2,ed,18.802875518798828,18.207902908325195,0,1
resnet50,bottle7-keyboard2,bottle7,keyboard2,bottle7-boat3,clock7-keyboard2,ed,18.802875518798828,25.462257385253906,1,0
resnet50,bottle7-keyboard2,bottle7,keyboard2,bottle7-boat3,clock9-keyboard2,ed,18.802875518798828,24.456932067871094,1,0
resnet50,bottle7-keyboard2,bottle7,keyboard2,bottle7-boat3,elephant3-keyboard2,ed,18.802875518798828,22.600507736206055,1,0
resnet50,bottle7-keyboard2,bottle7,keyboard2,bottle7-clock1,cat4-keyboard2,ed,21.533111572265625,20.86840057373047,0,1
resnet50,bottle7-keyboard2,bottle7,keyboard2,bottle7-clock1,car1-keyboard2,ed,21.533111572265625,23.278472900390625,1,0
resnet50,bottle7-keyboard2,bottle7,keyboard2,bottle7-clock1,car10-keyboard2,ed,21.533111572265625,24.29836654663086,1,0
resnet50,bottle7-keyboard2,bottle7,keyboard2,bottle7-clock1,car9-keyboard2,ed,21.533111572265625,24.766925811767578,1,0
resnet50,bottle7-keyboard2,bottle7,keyboard2,bottle7-clock1,dog10-keyboard2,ed,21.533111572265625,21.519779205322266,0,1
resnet50,bottle7-keyboard2,bottle7,keyboard2,bottle7-clock1,dog4-keyboard2,ed,21.533111572265625,19.55689811706543,0,1
resnet50,bottle7-keyboard2,bottle7,keyboard2,bottle7-clock1,bear2-keyboard2,ed,21.533111572265625,22.17732810974121,1,0
resnet50,bottle7-keyboard2,bottle7,keyboard2,bottle7-clock1,bear3-keyboard2,ed,21.533111572265625,23.03896141052246,1,0
resnet50,bottle7-keyboard2,bottle7,keyboard2,bottle7-clock1,boat9-keyboard2,ed,21.533111572265625,25.996450424194336,1,0
resnet50,bottle7-keyboard2,bottle7,keyboard2,bottle7-clock1,boat3-keyboard2,ed,21.533111572265625,21.216981887817383,0,1
resnet50,bottle7-keyboard2,bottle7,keyboard2,bottle7-clock1,oven5-keyboard2,ed,21.533111572265625,22.90215492248535,1,0
resnet50,bottle7-keyboard2,bottle7,keyboard2,bottle7-clock1,chair5-keyboard2,ed,21.533111572265625,23.729726791381836,1,0
resnet50,bottle7-keyboard2,bottle7,keyboard2,bottle7-clock1,chair2-keyboard2,ed,21.533111572265625,24.512590408325195,1,0
resnet50,bottle7-keyboard2,bottle7,keyboard2,bottle7-clock1,chair4-keyboard2,ed,21.533111572265625,27.187408447265625,1,0
resnet50,bottle7-keyboard2,bottle7,keyboard2,bottle7-clock1,chair9-keyboard2,ed,21.533111572265625,24.394498825073242,1,0
resnet50,bottle7-keyboard2,bottle7,keyboard2,bottle7-clock1,truck8-keyboard2,ed,21.533111572265625,23.47859764099121,1,0
resnet50,bottle7-keyboard2,bottle7,keyboard2,bottle7-clock1,bird8-keyboard2,ed,21.533111572265625,23.128971099853516,1,0
resnet50,bottle7-keyboard2,bottle7,keyboard2,bottle7-clock1,bird5-keyboard2,ed,21.533111572265625,22.042993545532227,1,0
resnet50,bottle7-keyboard2,bottle7,keyboard2,bottle7-clock1,airplane3-keyboard2,ed,21.533111572265625,21.873960494995117,1,0
resnet50,bottle7-keyboard2,bottle7,keyboard2,bottle7-clock1,airplane9-keyboard2,ed,21.533111572265625,27.160749435424805,1,0
resnet50,bottle7-keyboard2,bottle7,keyboard2,bottle7-clock1,bicycle2-keyboard2,ed,21.533111572265625,27.990480422973633,1,0
resnet50,bottle7-keyboard2,bottle7,keyboard2,bottle7-clock1,bottle5-keyboard2,ed,21.533111572265625,18.207902908325195,0,1
resnet50,bottle7-keyboard2,bottle7,keyboard2,bottle7-clock1,clock7-keyboard2,ed,21.533111572265625,25.462257385253906,1,0
resnet50,bottle7-keyboard2,bottle7,keyboard2,bottle7-clock1,clock9-keyboard2,ed,21.533111572265625,24.456932067871094,1,0
resnet50,bottle7-keyboard2,bottle7,keyboard2,bottle7-clock1,elephant3-keyboard2,ed,21.533111572265625,22.600507736206055,1,0
