Model,Anchor,Anchor Shape,Anchor Texture,Shape Match,Texture Match,Metric,Shape Distance,Texture Distance,Shape Match Closer,Texture Match Closer
resnet50,cat10-oven2,cat10,oven2,cat10-elephant3,cat3-oven2,dot,388.8376770019531,778.818603515625,0,1
resnet50,cat10-oven2,cat10,oven2,cat10-elephant3,car7-oven2,dot,388.8376770019531,756.4849243164062,0,1
resnet50,cat10-oven2,cat10,oven2,cat10-elephant3,car5-oven2,dot,388.8376770019531,706.0684814453125,0,1
resnet50,cat10-oven2,cat10,oven2,cat10-elephant3,car4-oven2,dot,388.8376770019531,784.5828857421875,0,1
resnet50,cat10-oven2,cat10,oven2,cat10-elephant3,dog10-oven2,dot,388.8376770019531,785.37060546875,0,1
resnet50,cat10-oven2,cat10,oven2,cat10-elephant3,dog7-oven2,dot,388.8376770019531,776.1295776367188,0,1
resnet50,cat10-oven2,cat10,oven2,cat10-elephant3,bear4-oven2,dot,388.8376770019531,808.8577270507812,0,1
resnet50,cat10-oven2,cat10,oven2,cat10-elephant3,chair4-oven2,dot,388.8376770019531,722.9115600585938,0,1
resnet50,cat10-oven2,cat10,oven2,cat10-elephant3,chair5-oven2,dot,388.8376770019531,780.1676025390625,0,1
resnet50,cat10-oven2,cat10,oven2,cat10-elephant3,truck7-oven2,dot,388.8376770019531,671.97705078125,0,1
resnet50,cat10-oven2,cat10,oven2,cat10-elephant3,truck3-oven2,dot,388.8376770019531,732.1527099609375,0,1
resnet50,cat10-oven2,cat10,oven2,cat10-elephant3,truck4-oven2,dot,388.8376770019531,768.6096801757812,0,1
resnet50,cat10-oven2,cat10,oven2,cat10-elephant3,airplane10-oven2,dot,388.8376770019531,802.257568359375,0,1
resnet50,cat10-oven2,cat10,oven2,cat10-elephant3,airplane8-oven2,dot,388.8376770019531,839.2490234375,0,1
resnet50,cat10-oven2,cat10,oven2,cat10-elephant3,airplane9-oven2,dot,388.8376770019531,746.0814208984375,0,1
resnet50,cat10-oven2,cat10,oven2,cat10-elephant3,bottle7-oven2,dot,388.8376770019531,818.307373046875,0,1
resnet50,cat10-oven2,cat10,oven2,cat10-elephant3,bottle5-oven2,dot,388.8376770019531,804.80224609375,0,1
resnet50,cat10-oven2,cat10,oven2,cat10-elephant3,bottle4-oven2,dot,388.8376770019531,790.9947509765625,0,1
resnet50,cat10-oven2,cat10,oven2,cat10-elephant3,bottle9-oven2,dot,388.8376770019531,763.7569580078125,0,1
resnet50,cat10-oven2,cat10,oven2,cat10-elephant3,keyboard4-oven2,dot,388.8376770019531,721.1092529296875,0,1
resnet50,cat10-oven2,cat10,oven2,cat10-elephant3,keyboard5-oven2,dot,388.8376770019531,705.6507568359375,0,1
resnet50,cat10-oven2,cat10,oven2,cat10-elephant3,keyboard7-oven2,dot,388.8376770019531,694.075927734375,0,1
resnet50,cat10-oven2,cat10,oven2,cat10-elephant3,clock10-oven2,dot,388.8376770019531,689.2564697265625,0,1
resnet50,cat10-oven2,cat10,oven2,cat10-elephant3,knife4-oven2,dot,388.8376770019531,830.8104858398438,0,1
resnet50,cat10-oven2,cat10,oven2,cat10-elephant3,knife5-oven2,dot,388.8376770019531,749.3931884765625,0,1
resnet50,cat10-oven2,cat10,oven2,cat10-elephant3,elephant1-oven2,dot,388.8376770019531,801.5249633789062,0,1
resnet50,cat10-oven2,cat10,oven2,cat10-bird2,cat3-oven2,dot,527.73779296875,778.818603515625,0,1
resnet50,cat10-oven2,cat10,oven2,cat10-bird2,car7-oven2,dot,527.73779296875,756.4849243164062,0,1
resnet50,cat10-oven2,cat10,oven2,cat10-bird2,car5-oven2,dot,527.73779296875,706.0684814453125,0,1
resnet50,cat10-oven2,cat10,oven2,cat10-bird2,car4-oven2,dot,527.73779296875,784.5828857421875,0,1
resnet50,cat10-oven2,cat10,oven2,cat10-bird2,dog10-oven2,dot,527.73779296875,785.37060546875,0,1
resnet50,cat10-oven2,cat10,oven2,cat10-bird2,dog7-oven2,dot,527.73779296875,776.1295776367188,0,1
resnet50,cat10-oven2,cat10,oven2,cat10-bird2,bear4-oven2,dot,527.73779296875,808.8577270507812,0,1
resnet50,cat10-oven2,cat10,oven2,cat10-bird2,chair4-oven2,dot,527.73779296875,722.9115600585938,0,1
resnet50,cat10-oven2,cat10,oven2,cat10-bird2,chair5-oven2,dot,527.73779296875,780.1676025390625,0,1
resnet50,cat10-oven2,cat10,oven2,cat10-bird2,truck7-oven2,dot,527.73779296875,671.97705078125,0,1
resnet50,cat10-oven2,cat10,oven2,cat10-bird2,truck3-oven2,dot,527.73779296875,732.1527099609375,0,1
resnet50,cat10-oven2,cat10,oven2,cat10-bird2,truck4-oven2,dot,527.73779296875,768.6096801757812,0,1
resnet50,cat10-oven2,cat10,oven2,cat10-bird2,airplane10-oven2,dot,527.73779296875,802.257568359375,0,1
resnet50,cat10-oven2,cat10,oven2,cat10-bird2,airplane8-oven2,dot,527.73779296875,839.2490234375,0,1
resnet50,cat10-oven2,cat10,oven2,cat10-bird2,airplane9-oven2,dot,527.73779296875,746.0814208984375,0,1
resnet50,cat10-oven2,cat10,oven2,cat10-bird2,bottle7-oven2,dot,527.73779296875,818.307373046875,0,1
resnet50,cat10-oven2,cat10,oven2,cat10-bird2,bottle5-oven2,dot,527.73779296875,804.80224609375,0,1
resnet50,cat10-oven2,cat10,oven2,cat10-bird2,bottle4-oven2,dot,527.73779296875,790.9947509765625,0,1
resnet50,cat10-oven2,cat10,oven2,cat10-bird2,bottle9-oven2,dot,527.73779296875,763.7569580078125,0,1
resnet50,cat10-oven2,cat10,oven2,cat10-bird2,keyboard4-oven2,dot,527.73779296875,721.1092529296875,0,1
resnet50,cat10-oven2,cat10,oven2,cat10-bird2,keyboard5-oven2,dot,527.73779296875,705.6507568359375,0,1
resnet50,cat10-oven2,cat10,oven2,cat10-bird2,keyboard7-oven2,dot,527.73779296875,694.075927734375,0,1
resnet50,cat10-oven2,cat10,oven2,cat10-bird2,clock10-oven2,dot,527.73779296875,689.2564697265625,0,1
resnet50,cat10-oven2,cat10,oven2,cat10-bird2,knife4-oven2,dot,527.73779296875,830.8104858398438,0,1
resnet50,cat10-oven2,cat10,oven2,cat10-bird2,knife5-oven2,dot,527.73779296875,749.3931884765625,0,1
resnet50,cat10-oven2,cat10,oven2,cat10-bird2,elephant1-oven2,dot,527.73779296875,801.5249633789062,0,1
resnet50,cat10-oven2,cat10,oven2,cat10-bear1,cat3-oven2,dot,484.39825439453125,778.818603515625,0,1
resnet50,cat10-oven2,cat10,oven2,cat10-bear1,car7-oven2,dot,484.39825439453125,756.4849243164062,0,1
resnet50,cat10-oven2,cat10,oven2,cat10-bear1,car5-oven2,dot,484.39825439453125,706.0684814453125,0,1
resnet50,cat10-oven2,cat10,oven2,cat10-bear1,car4-oven2,dot,484.39825439453125,784.5828857421875,0,1
resnet50,cat10-oven2,cat10,oven2,cat10-bear1,dog10-oven2,dot,484.39825439453125,785.37060546875,0,1
resnet50,cat10-oven2,cat10,oven2,cat10-bear1,dog7-oven2,dot,484.39825439453125,776.1295776367188,0,1
resnet50,cat10-oven2,cat10,oven2,cat10-bear1,bear4-oven2,dot,484.39825439453125,808.8577270507812,0,1
resnet50,cat10-oven2,cat10,oven2,cat10-bear1,chair4-oven2,dot,484.39825439453125,722.9115600585938,0,1
resnet50,cat10-oven2,cat10,oven2,cat10-bear1,chair5-oven2,dot,484.39825439453125,780.1676025390625,0,1
resnet50,cat10-oven2,cat10,oven2,cat10-bear1,truck7-oven2,dot,484.39825439453125,671.97705078125,0,1
resnet50,cat10-oven2,cat10,oven2,cat10-bear1,truck3-oven2,dot,484.39825439453125,732.1527099609375,0,1
resnet50,cat10-oven2,cat10,oven2,cat10-bear1,truck4-oven2,dot,484.39825439453125,768.6096801757812,0,1
resnet50,cat10-oven2,cat10,oven2,cat10-bear1,airplane10-oven2,dot,484.39825439453125,802.257568359375,0,1
resnet50,cat10-oven2,cat10,oven2,cat10-bear1,airplane8-oven2,dot,484.39825439453125,839.2490234375,0,1
resnet50,cat10-oven2,cat10,oven2,cat10-bear1,airplane9-oven2,dot,484.39825439453125,746.0814208984375,0,1
resnet50,cat10-oven2,cat10,oven2,cat10-bear1,bottle7-oven2,dot,484.39825439453125,818.307373046875,0,1
resnet50,cat10-oven2,cat10,oven2,cat10-bear1,bottle5-oven2,dot,484.39825439453125,804.80224609375,0,1
resnet50,cat10-oven2,cat10,oven2,cat10-bear1,bottle4-oven2,dot,484.39825439453125,790.9947509765625,0,1
resnet50,cat10-oven2,cat10,oven2,cat10-bear1,bottle9-oven2,dot,484.39825439453125,763.7569580078125,0,1
resnet50,cat10-oven2,cat10,oven2,cat10-bear1,keyboard4-oven2,dot,484.39825439453125,721.1092529296875,0,1
resnet50,cat10-oven2,cat10,oven2,cat10-bear1,keyboard5-oven2,dot,484.39825439453125,705.6507568359375,0,1
resnet50,cat10-oven2,cat10,oven2,cat10-bear1,keyboard7-oven2,dot,484.39825439453125,694.075927734375,0,1
resnet50,cat10-oven2,cat10,oven2,cat10-bear1,clock10-oven2,dot,484.39825439453125,689.2564697265625,0,1
resnet50,cat10-oven2,cat10,oven2,cat10-bear1,knife4-oven2,dot,484.39825439453125,830.8104858398438,0,1
resnet50,cat10-oven2,cat10,oven2,cat10-bear1,knife5-oven2,dot,484.39825439453125,749.3931884765625,0,1
resnet50,cat10-oven2,cat10,oven2,cat10-bear1,elephant1-oven2,dot,484.39825439453125,801.5249633789062,0,1
resnet50,cat10-oven2,cat10,oven2,cat10-clock1,cat3-oven2,dot,510.498779296875,778.818603515625,0,1
resnet50,cat10-oven2,cat10,oven2,cat10-clock1,car7-oven2,dot,510.498779296875,756.4849243164062,0,1
resnet50,cat10-oven2,cat10,oven2,cat10-clock1,car5-oven2,dot,510.498779296875,706.0684814453125,0,1
resnet50,cat10-oven2,cat10,oven2,cat10-clock1,car4-oven2,dot,510.498779296875,784.5828857421875,0,1
resnet50,cat10-oven2,cat10,oven2,cat10-clock1,dog10-oven2,dot,510.498779296875,785.37060546875,0,1
resnet50,cat10-oven2,cat10,oven2,cat10-clock1,dog7-oven2,dot,510.498779296875,776.1295776367188,0,1
resnet50,cat10-oven2,cat10,oven2,cat10-clock1,bear4-oven2,dot,510.498779296875,808.8577270507812,0,1
resnet50,cat10-oven2,cat10,oven2,cat10-clock1,chair4-oven2,dot,510.498779296875,722.9115600585938,0,1
resnet50,cat10-oven2,cat10,oven2,cat10-clock1,chair5-oven2,dot,510.498779296875,780.1676025390625,0,1
resnet50,cat10-oven2,cat10,oven2,cat10-clock1,truck7-oven2,dot,510.498779296875,671.97705078125,0,1
resnet50,cat10-oven2,cat10,oven2,cat10-clock1,truck3-oven2,dot,510.498779296875,732.1527099609375,0,1
resnet50,cat10-oven2,cat10,oven2,cat10-clock1,truck4-oven2,dot,510.498779296875,768.6096801757812,0,1
resnet50,cat10-oven2,cat10,oven2,cat10-clock1,airplane10-oven2,dot,510.498779296875,802.257568359375,0,1
resnet50,cat10-oven2,cat10,oven2,cat10-clock1,airplane8-oven2,dot,510.498779296875,839.2490234375,0,1
resnet50,cat10-oven2,cat10,oven2,cat10-clock1,airplane9-oven2,dot,510.498779296875,746.0814208984375,0,1
resnet50,cat10-oven2,cat10,oven2,cat10-clock1,bottle7-oven2,dot,510.498779296875,818.307373046875,0,1
resnet50,cat10-oven2,cat10,oven2,cat10-clock1,bottle5-oven2,dot,510.498779296875,804.80224609375,0,1
resnet50,cat10-oven2,cat10,oven2,cat10-clock1,bottle4-oven2,dot,510.498779296875,790.9947509765625,0,1
resnet50,cat10-oven2,cat10,oven2,cat10-clock1,bottle9-oven2,dot,510.498779296875,763.7569580078125,0,1
resnet50,cat10-oven2,cat10,oven2,cat10-clock1,keyboard4-oven2,dot,510.498779296875,721.1092529296875,0,1
resnet50,cat10-oven2,cat10,oven2,cat10-clock1,keyboard5-oven2,dot,510.498779296875,705.6507568359375,0,1
resnet50,cat10-oven2,cat10,oven2,cat10-clock1,keyboard7-oven2,dot,510.498779296875,694.075927734375,0,1
resnet50,cat10-oven2,cat10,oven2,cat10-clock1,clock10-oven2,dot,510.498779296875,689.2564697265625,0,1
resnet50,cat10-oven2,cat10,oven2,cat10-clock1,knife4-oven2,dot,510.498779296875,830.8104858398438,0,1
resnet50,cat10-oven2,cat10,oven2,cat10-clock1,knife5-oven2,dot,510.498779296875,749.3931884765625,0,1
resnet50,cat10-oven2,cat10,oven2,cat10-clock1,elephant1-oven2,dot,510.498779296875,801.5249633789062,0,1
resnet50,cat10-oven2,cat10,oven2,cat10-airplane3,cat3-oven2,dot,568.8541259765625,778.818603515625,0,1
resnet50,cat10-oven2,cat10,oven2,cat10-airplane3,car7-oven2,dot,568.8541259765625,756.4849243164062,0,1
resnet50,cat10-oven2,cat10,oven2,cat10-airplane3,car5-oven2,dot,568.8541259765625,706.0684814453125,0,1
resnet50,cat10-oven2,cat10,oven2,cat10-airplane3,car4-oven2,dot,568.8541259765625,784.5828857421875,0,1
resnet50,cat10-oven2,cat10,oven2,cat10-airplane3,dog10-oven2,dot,568.8541259765625,785.37060546875,0,1
resnet50,cat10-oven2,cat10,oven2,cat10-airplane3,dog7-oven2,dot,568.8541259765625,776.1295776367188,0,1
resnet50,cat10-oven2,cat10,oven2,cat10-airplane3,bear4-oven2,dot,568.8541259765625,808.8577270507812,0,1
resnet50,cat10-oven2,cat10,oven2,cat10-airplane3,chair4-oven2,dot,568.8541259765625,722.9115600585938,0,1
resnet50,cat10-oven2,cat10,oven2,cat10-airplane3,chair5-oven2,dot,568.8541259765625,780.1676025390625,0,1
resnet50,cat10-oven2,cat10,oven2,cat10-airplane3,truck7-oven2,dot,568.8541259765625,671.97705078125,0,1
resnet50,cat10-oven2,cat10,oven2,cat10-airplane3,truck3-oven2,dot,568.8541259765625,732.1527099609375,0,1
resnet50,cat10-oven2,cat10,oven2,cat10-airplane3,truck4-oven2,dot,568.8541259765625,768.6096801757812,0,1
resnet50,cat10-oven2,cat10,oven2,cat10-airplane3,airplane10-oven2,dot,568.8541259765625,802.257568359375,0,1
resnet50,cat10-oven2,cat10,oven2,cat10-airplane3,airplane8-oven2,dot,568.8541259765625,839.2490234375,0,1
resnet50,cat10-oven2,cat10,oven2,cat10-airplane3,airplane9-oven2,dot,568.8541259765625,746.0814208984375,0,1
resnet50,cat10-oven2,cat10,oven2,cat10-airplane3,bottle7-oven2,dot,568.8541259765625,818.307373046875,0,1
resnet50,cat10-oven2,cat10,oven2,cat10-airplane3,bottle5-oven2,dot,568.8541259765625,804.80224609375,0,1
resnet50,cat10-oven2,cat10,oven2,cat10-airplane3,bottle4-oven2,dot,568.8541259765625,790.9947509765625,0,1
resnet50,cat10-oven2,cat10,oven2,cat10-airplane3,bottle9-oven2,dot,568.8541259765625,763.7569580078125,0,1
resnet50,cat10-oven2,cat10,oven2,cat10-airplane3,keyboard4-oven2,dot,568.8541259765625,721.1092529296875,0,1
resnet50,cat10-oven2,cat10,oven2,cat10-airplane3,keyboard5-oven2,dot,568.8541259765625,705.6507568359375,0,1
resnet50,cat10-oven2,cat10,oven2,cat10-airplane3,keyboard7-oven2,dot,568.8541259765625,694.075927734375,0,1
resnet50,cat10-oven2,cat10,oven2,cat10-airplane3,clock10-oven2,dot,568.8541259765625,689.2564697265625,0,1
resnet50,cat10-oven2,cat10,oven2,cat10-airplane3,knife4-oven2,dot,568.8541259765625,830.8104858398438,0,1
resnet50,cat10-oven2,cat10,oven2,cat10-airplane3,knife5-oven2,dot,568.8541259765625,749.3931884765625,0,1
resnet50,cat10-oven2,cat10,oven2,cat10-airplane3,elephant1-oven2,dot,568.8541259765625,801.5249633789062,0,1
resnet50,cat10-oven2,cat10,oven2,cat10-bicycle1,cat3-oven2,dot,545.0330810546875,778.818603515625,0,1
resnet50,cat10-oven2,cat10,oven2,cat10-bicycle1,car7-oven2,dot,545.0330810546875,756.4849243164062,0,1
resnet50,cat10-oven2,cat10,oven2,cat10-bicycle1,car5-oven2,dot,545.0330810546875,706.0684814453125,0,1
resnet50,cat10-oven2,cat10,oven2,cat10-bicycle1,car4-oven2,dot,545.0330810546875,784.5828857421875,0,1
resnet50,cat10-oven2,cat10,oven2,cat10-bicycle1,dog10-oven2,dot,545.0330810546875,785.37060546875,0,1
resnet50,cat10-oven2,cat10,oven2,cat10-bicycle1,dog7-oven2,dot,545.0330810546875,776.1295776367188,0,1
resnet50,cat10-oven2,cat10,oven2,cat10-bicycle1,bear4-oven2,dot,545.0330810546875,808.8577270507812,0,1
resnet50,cat10-oven2,cat10,oven2,cat10-bicycle1,chair4-oven2,dot,545.0330810546875,722.9115600585938,0,1
resnet50,cat10-oven2,cat10,oven2,cat10-bicycle1,chair5-oven2,dot,545.0330810546875,780.1676025390625,0,1
resnet50,cat10-oven2,cat10,oven2,cat10-bicycle1,truck7-oven2,dot,545.0330810546875,671.97705078125,0,1
resnet50,cat10-oven2,cat10,oven2,cat10-bicycle1,truck3-oven2,dot,545.0330810546875,732.1527099609375,0,1
resnet50,cat10-oven2,cat10,oven2,cat10-bicycle1,truck4-oven2,dot,545.0330810546875,768.6096801757812,0,1
resnet50,cat10-oven2,cat10,oven2,cat10-bicycle1,airplane10-oven2,dot,545.0330810546875,802.257568359375,0,1
resnet50,cat10-oven2,cat10,oven2,cat10-bicycle1,airplane8-oven2,dot,545.0330810546875,839.2490234375,0,1
resnet50,cat10-oven2,cat10,oven2,cat10-bicycle1,airplane9-oven2,dot,545.0330810546875,746.0814208984375,0,1
resnet50,cat10-oven2,cat10,oven2,cat10-bicycle1,bottle7-oven2,dot,545.0330810546875,818.307373046875,0,1
resnet50,cat10-oven2,cat10,oven2,cat10-bicycle1,bottle5-oven2,dot,545.0330810546875,804.80224609375,0,1
resnet50,cat10-oven2,cat10,oven2,cat10-bicycle1,bottle4-oven2,dot,545.0330810546875,790.9947509765625,0,1
resnet50,cat10-oven2,cat10,oven2,cat10-bicycle1,bottle9-oven2,dot,545.0330810546875,763.7569580078125,0,1
resnet50,cat10-oven2,cat10,oven2,cat10-bicycle1,keyboard4-oven2,dot,545.0330810546875,721.1092529296875,0,1
resnet50,cat10-oven2,cat10,oven2,cat10-bicycle1,keyboard5-oven2,dot,545.0330810546875,705.6507568359375,0,1
resnet50,cat10-oven2,cat10,oven2,cat10-bicycle1,keyboard7-oven2,dot,545.0330810546875,694.075927734375,0,1
resnet50,cat10-oven2,cat10,oven2,cat10-bicycle1,clock10-oven2,dot,545.0330810546875,689.2564697265625,0,1
resnet50,cat10-oven2,cat10,oven2,cat10-bicycle1,knife4-oven2,dot,545.0330810546875,830.8104858398438,0,1
resnet50,cat10-oven2,cat10,oven2,cat10-bicycle1,knife5-oven2,dot,545.0330810546875,749.3931884765625,0,1
resnet50,cat10-oven2,cat10,oven2,cat10-bicycle1,elephant1-oven2,dot,545.0330810546875,801.5249633789062,0,1
resnet50,cat10-oven2,cat10,oven2,cat10-bottle1,cat3-oven2,dot,509.21331787109375,778.818603515625,0,1
resnet50,cat10-oven2,cat10,oven2,cat10-bottle1,car7-oven2,dot,509.21331787109375,756.4849243164062,0,1
resnet50,cat10-oven2,cat10,oven2,cat10-bottle1,car5-oven2,dot,509.21331787109375,706.0684814453125,0,1
resnet50,cat10-oven2,cat10,oven2,cat10-bottle1,car4-oven2,dot,509.21331787109375,784.5828857421875,0,1
resnet50,cat10-oven2,cat10,oven2,cat10-bottle1,dog10-oven2,dot,509.21331787109375,785.37060546875,0,1
resnet50,cat10-oven2,cat10,oven2,cat10-bottle1,dog7-oven2,dot,509.21331787109375,776.1295776367188,0,1
resnet50,cat10-oven2,cat10,oven2,cat10-bottle1,bear4-oven2,dot,509.21331787109375,808.8577270507812,0,1
resnet50,cat10-oven2,cat10,oven2,cat10-bottle1,chair4-oven2,dot,509.21331787109375,722.9115600585938,0,1
resnet50,cat10-oven2,cat10,oven2,cat10-bottle1,chair5-oven2,dot,509.21331787109375,780.1676025390625,0,1
resnet50,cat10-oven2,cat10,oven2,cat10-bottle1,truck7-oven2,dot,509.21331787109375,671.97705078125,0,1
resnet50,cat10-oven2,cat10,oven2,cat10-bottle1,truck3-oven2,dot,509.21331787109375,732.1527099609375,0,1
resnet50,cat10-oven2,cat10,oven2,cat10-bottle1,truck4-oven2,dot,509.21331787109375,768.6096801757812,0,1
resnet50,cat10-oven2,cat10,oven2,cat10-bottle1,airplane10-oven2,dot,509.21331787109375,802.257568359375,0,1
resnet50,cat10-oven2,cat10,oven2,cat10-bottle1,airplane8-oven2,dot,509.21331787109375,839.2490234375,0,1
resnet50,cat10-oven2,cat10,oven2,cat10-bottle1,airplane9-oven2,dot,509.21331787109375,746.0814208984375,0,1
resnet50,cat10-oven2,cat10,oven2,cat10-bottle1,bottle7-oven2,dot,509.21331787109375,818.307373046875,0,1
resnet50,cat10-oven2,cat10,oven2,cat10-bottle1,bottle5-oven2,dot,509.21331787109375,804.80224609375,0,1
resnet50,cat10-oven2,cat10,oven2,cat10-bottle1,bottle4-oven2,dot,509.21331787109375,790.9947509765625,0,1
resnet50,cat10-oven2,cat10,oven2,cat10-bottle1,bottle9-oven2,dot,509.21331787109375,763.7569580078125,0,1
resnet50,cat10-oven2,cat10,oven2,cat10-bottle1,keyboard4-oven2,dot,509.21331787109375,721.1092529296875,0,1
resnet50,cat10-oven2,cat10,oven2,cat10-bottle1,keyboard5-oven2,dot,509.21331787109375,705.6507568359375,0,1
resnet50,cat10-oven2,cat10,oven2,cat10-bottle1,keyboard7-oven2,dot,509.21331787109375,694.075927734375,0,1
resnet50,cat10-oven2,cat10,oven2,cat10-bottle1,clock10-oven2,dot,509.21331787109375,689.2564697265625,0,1
resnet50,cat10-oven2,cat10,oven2,cat10-bottle1,knife4-oven2,dot,509.21331787109375,830.8104858398438,0,1
resnet50,cat10-oven2,cat10,oven2,cat10-bottle1,knife5-oven2,dot,509.21331787109375,749.3931884765625,0,1
resnet50,cat10-oven2,cat10,oven2,cat10-bottle1,elephant1-oven2,dot,509.21331787109375,801.5249633789062,0,1
resnet50,cat10-oven2,cat10,oven2,cat10-keyboard1,cat3-oven2,dot,606.3272705078125,778.818603515625,0,1
resnet50,cat10-oven2,cat10,oven2,cat10-keyboard1,car7-oven2,dot,606.3272705078125,756.4849243164062,0,1
resnet50,cat10-oven2,cat10,oven2,cat10-keyboard1,car5-oven2,dot,606.3272705078125,706.0684814453125,0,1
resnet50,cat10-oven2,cat10,oven2,cat10-keyboard1,car4-oven2,dot,606.3272705078125,784.5828857421875,0,1
resnet50,cat10-oven2,cat10,oven2,cat10-keyboard1,dog10-oven2,dot,606.3272705078125,785.37060546875,0,1
resnet50,cat10-oven2,cat10,oven2,cat10-keyboard1,dog7-oven2,dot,606.3272705078125,776.1295776367188,0,1
resnet50,cat10-oven2,cat10,oven2,cat10-keyboard1,bear4-oven2,dot,606.3272705078125,808.8577270507812,0,1
resnet50,cat10-oven2,cat10,oven2,cat10-keyboard1,chair4-oven2,dot,606.3272705078125,722.9115600585938,0,1
resnet50,cat10-oven2,cat10,oven2,cat10-keyboard1,chair5-oven2,dot,606.3272705078125,780.1676025390625,0,1
resnet50,cat10-oven2,cat10,oven2,cat10-keyboard1,truck7-oven2,dot,606.3272705078125,671.97705078125,0,1
resnet50,cat10-oven2,cat10,oven2,cat10-keyboard1,truck3-oven2,dot,606.3272705078125,732.1527099609375,0,1
resnet50,cat10-oven2,cat10,oven2,cat10-keyboard1,truck4-oven2,dot,606.3272705078125,768.6096801757812,0,1
resnet50,cat10-oven2,cat10,oven2,cat10-keyboard1,airplane10-oven2,dot,606.3272705078125,802.257568359375,0,1
resnet50,cat10-oven2,cat10,oven2,cat10-keyboard1,airplane8-oven2,dot,606.3272705078125,839.2490234375,0,1
resnet50,cat10-oven2,cat10,oven2,cat10-keyboard1,airplane9-oven2,dot,606.3272705078125,746.0814208984375,0,1
resnet50,cat10-oven2,cat10,oven2,cat10-keyboard1,bottle7-oven2,dot,606.3272705078125,818.307373046875,0,1
resnet50,cat10-oven2,cat10,oven2,cat10-keyboard1,bottle5-oven2,dot,606.3272705078125,804.80224609375,0,1
resnet50,cat10-oven2,cat10,oven2,cat10-keyboard1,bottle4-oven2,dot,606.3272705078125,790.9947509765625,0,1
resnet50,cat10-oven2,cat10,oven2,cat10-keyboard1,bottle9-oven2,dot,606.3272705078125,763.7569580078125,0,1
resnet50,cat10-oven2,cat10,oven2,cat10-keyboard1,keyboard4-oven2,dot,606.3272705078125,721.1092529296875,0,1
resnet50,cat10-oven2,cat10,oven2,cat10-keyboard1,keyboard5-oven2,dot,606.3272705078125,705.6507568359375,0,1
resnet50,cat10-oven2,cat10,oven2,cat10-keyboard1,keyboard7-oven2,dot,606.3272705078125,694.075927734375,0,1
resnet50,cat10-oven2,cat10,oven2,cat10-keyboard1,clock10-oven2,dot,606.3272705078125,689.2564697265625,0,1
resnet50,cat10-oven2,cat10,oven2,cat10-keyboard1,knife4-oven2,dot,606.3272705078125,830.8104858398438,0,1
resnet50,cat10-oven2,cat10,oven2,cat10-keyboard1,knife5-oven2,dot,606.3272705078125,749.3931884765625,0,1
resnet50,cat10-oven2,cat10,oven2,cat10-keyboard1,elephant1-oven2,dot,606.3272705078125,801.5249633789062,0,1
resnet50,cat10-oven2,cat10,oven2,cat10-elephant3,cat3-oven2,cos,0.4680115282535553,0.8879340887069702,0,1
resnet50,cat10-oven2,cat10,oven2,cat10-elephant3,car7-oven2,cos,0.4680115282535553,0.895480751991272,0,1
resnet50,cat10-oven2,cat10,oven2,cat10-elephant3,car5-oven2,cos,0.4680115282535553,0.8187062740325928,0,1
resnet50,cat10-oven2,cat10,oven2,cat10-elephant3,car4-oven2,cos,0.4680115282535553,0.8766688704490662,0,1
resnet50,cat10-oven2,cat10,oven2,cat10-elephant3,dog10-oven2,cos,0.4680115282535553,0.9004392027854919,0,1
resnet50,cat10-oven2,cat10,oven2,cat10-elephant3,dog7-oven2,cos,0.4680115282535553,0.9084756374359131,0,1
resnet50,cat10-oven2,cat10,oven2,cat10-elephant3,bear4-oven2,cos,0.4680115282535553,0.8782476782798767,0,1
resnet50,cat10-oven2,cat10,oven2,cat10-elephant3,chair4-oven2,cos,0.4680115282535553,0.861260175704956,0,1
resnet50,cat10-oven2,cat10,oven2,cat10-elephant3,chair5-oven2,cos,0.4680115282535553,0.8863494396209717,0,1
resnet50,cat10-oven2,cat10,oven2,cat10-elephant3,truck7-oven2,cos,0.4680115282535553,0.87289959192276,0,1
resnet50,cat10-oven2,cat10,oven2,cat10-elephant3,truck3-oven2,cos,0.4680115282535553,0.8895732760429382,0,1
resnet50,cat10-oven2,cat10,oven2,cat10-elephant3,truck4-oven2,cos,0.4680115282535553,0.9043437838554382,0,1
resnet50,cat10-oven2,cat10,oven2,cat10-elephant3,airplane10-oven2,cos,0.4680115282535553,0.8540353775024414,0,1
resnet50,cat10-oven2,cat10,oven2,cat10-elephant3,airplane8-oven2,cos,0.4680115282535553,0.8919214606285095,0,1
resnet50,cat10-oven2,cat10,oven2,cat10-elephant3,airplane9-oven2,cos,0.4680115282535553,0.9111784100532532,0,1
resnet50,cat10-oven2,cat10,oven2,cat10-elephant3,bottle7-oven2,cos,0.4680115282535553,0.8533598184585571,0,1
resnet50,cat10-oven2,cat10,oven2,cat10-elephant3,bottle5-oven2,cos,0.4680115282535553,0.8693892955780029,0,1
resnet50,cat10-oven2,cat10,oven2,cat10-elephant3,bottle4-oven2,cos,0.4680115282535553,0.8365866541862488,0,1
resnet50,cat10-oven2,cat10,oven2,cat10-elephant3,bottle9-oven2,cos,0.4680115282535553,0.8527808785438538,0,1
resnet50,cat10-oven2,cat10,oven2,cat10-elephant3,keyboard4-oven2,cos,0.4680115282535553,0.8631623387336731,0,1
resnet50,cat10-oven2,cat10,oven2,cat10-elephant3,keyboard5-oven2,cos,0.4680115282535553,0.8569303154945374,0,1
resnet50,cat10-oven2,cat10,oven2,cat10-elephant3,keyboard7-oven2,cos,0.4680115282535553,0.8865870237350464,0,1
resnet50,cat10-oven2,cat10,oven2,cat10-elephant3,clock10-oven2,cos,0.4680115282535553,0.8796653747558594,0,1
resnet50,cat10-oven2,cat10,oven2,cat10-elephant3,knife4-oven2,cos,0.4680115282535553,0.8782034516334534,0,1
resnet50,cat10-oven2,cat10,oven2,cat10-elephant3,knife5-oven2,cos,0.4680115282535553,0.840262234210968,0,1
resnet50,cat10-oven2,cat10,oven2,cat10-elephant3,elephant1-oven2,cos,0.4680115282535553,0.8898322582244873,0,1
resnet50,cat10-oven2,cat10,oven2,cat10-bird2,cat3-oven2,cos,0.6342483162879944,0.8879340887069702,0,1
resnet50,cat10-oven2,cat10,oven2,cat10-bird2,car7-oven2,cos,0.6342483162879944,0.895480751991272,0,1
resnet50,cat10-oven2,cat10,oven2,cat10-bird2,car5-oven2,cos,0.6342483162879944,0.8187062740325928,0,1
resnet50,cat10-oven2,cat10,oven2,cat10-bird2,car4-oven2,cos,0.6342483162879944,0.8766688704490662,0,1
resnet50,cat10-oven2,cat10,oven2,cat10-bird2,dog10-oven2,cos,0.6342483162879944,0.9004392027854919,0,1
resnet50,cat10-oven2,cat10,oven2,cat10-bird2,dog7-oven2,cos,0.6342483162879944,0.9084756374359131,0,1
resnet50,cat10-oven2,cat10,oven2,cat10-bird2,bear4-oven2,cos,0.6342483162879944,0.8782476782798767,0,1
resnet50,cat10-oven2,cat10,oven2,cat10-bird2,chair4-oven2,cos,0.6342483162879944,0.861260175704956,0,1
resnet50,cat10-oven2,cat10,oven2,cat10-bird2,chair5-oven2,cos,0.6342483162879944,0.8863494396209717,0,1
resnet50,cat10-oven2,cat10,oven2,cat10-bird2,truck7-oven2,cos,0.6342483162879944,0.87289959192276,0,1
resnet50,cat10-oven2,cat10,oven2,cat10-bird2,truck3-oven2,cos,0.6342483162879944,0.8895732760429382,0,1
resnet50,cat10-oven2,cat10,oven2,cat10-bird2,truck4-oven2,cos,0.6342483162879944,0.9043437838554382,0,1
resnet50,cat10-oven2,cat10,oven2,cat10-bird2,airplane10-oven2,cos,0.6342483162879944,0.8540353775024414,0,1
resnet50,cat10-oven2,cat10,oven2,cat10-bird2,airplane8-oven2,cos,0.6342483162879944,0.8919214606285095,0,1
resnet50,cat10-oven2,cat10,oven2,cat10-bird2,airplane9-oven2,cos,0.6342483162879944,0.9111784100532532,0,1
resnet50,cat10-oven2,cat10,oven2,cat10-bird2,bottle7-oven2,cos,0.6342483162879944,0.8533598184585571,0,1
resnet50,cat10-oven2,cat10,oven2,cat10-bird2,bottle5-oven2,cos,0.6342483162879944,0.8693892955780029,0,1
resnet50,cat10-oven2,cat10,oven2,cat10-bird2,bottle4-oven2,cos,0.6342483162879944,0.8365866541862488,0,1
resnet50,cat10-oven2,cat10,oven2,cat10-bird2,bottle9-oven2,cos,0.6342483162879944,0.8527808785438538,0,1
resnet50,cat10-oven2,cat10,oven2,cat10-bird2,keyboard4-oven2,cos,0.6342483162879944,0.8631623387336731,0,1
resnet50,cat10-oven2,cat10,oven2,cat10-bird2,keyboard5-oven2,cos,0.6342483162879944,0.8569303154945374,0,1
resnet50,cat10-oven2,cat10,oven2,cat10-bird2,keyboard7-oven2,cos,0.6342483162879944,0.8865870237350464,0,1
resnet50,cat10-oven2,cat10,oven2,cat10-bird2,clock10-oven2,cos,0.6342483162879944,0.8796653747558594,0,1
resnet50,cat10-oven2,cat10,oven2,cat10-bird2,knife4-oven2,cos,0.6342483162879944,0.8782034516334534,0,1
resnet50,cat10-oven2,cat10,oven2,cat10-bird2,knife5-oven2,cos,0.6342483162879944,0.840262234210968,0,1
resnet50,cat10-oven2,cat10,oven2,cat10-bird2,elephant1-oven2,cos,0.6342483162879944,0.8898322582244873,0,1
resnet50,cat10-oven2,cat10,oven2,cat10-bear1,cat3-oven2,cos,0.5652565956115723,0.8879340887069702,0,1
resnet50,cat10-oven2,cat10,oven2,cat10-bear1,car7-oven2,cos,0.5652565956115723,0.895480751991272,0,1
resnet50,cat10-oven2,cat10,oven2,cat10-bear1,car5-oven2,cos,0.5652565956115723,0.8187062740325928,0,1
resnet50,cat10-oven2,cat10,oven2,cat10-bear1,car4-oven2,cos,0.5652565956115723,0.8766688704490662,0,1
resnet50,cat10-oven2,cat10,oven2,cat10-bear1,dog10-oven2,cos,0.5652565956115723,0.9004392027854919,0,1
resnet50,cat10-oven2,cat10,oven2,cat10-bear1,dog7-oven2,cos,0.5652565956115723,0.9084756374359131,0,1
resnet50,cat10-oven2,cat10,oven2,cat10-bear1,bear4-oven2,cos,0.5652565956115723,0.8782476782798767,0,1
resnet50,cat10-oven2,cat10,oven2,cat10-bear1,chair4-oven2,cos,0.5652565956115723,0.861260175704956,0,1
resnet50,cat10-oven2,cat10,oven2,cat10-bear1,chair5-oven2,cos,0.5652565956115723,0.8863494396209717,0,1
resnet50,cat10-oven2,cat10,oven2,cat10-bear1,truck7-oven2,cos,0.5652565956115723,0.87289959192276,0,1
resnet50,cat10-oven2,cat10,oven2,cat10-bear1,truck3-oven2,cos,0.5652565956115723,0.8895732760429382,0,1
resnet50,cat10-oven2,cat10,oven2,cat10-bear1,truck4-oven2,cos,0.5652565956115723,0.9043437838554382,0,1
resnet50,cat10-oven2,cat10,oven2,cat10-bear1,airplane10-oven2,cos,0.5652565956115723,0.8540353775024414,0,1
resnet50,cat10-oven2,cat10,oven2,cat10-bear1,airplane8-oven2,cos,0.5652565956115723,0.8919214606285095,0,1
resnet50,cat10-oven2,cat10,oven2,cat10-bear1,airplane9-oven2,cos,0.5652565956115723,0.9111784100532532,0,1
resnet50,cat10-oven2,cat10,oven2,cat10-bear1,bottle7-oven2,cos,0.5652565956115723,0.8533598184585571,0,1
resnet50,cat10-oven2,cat10,oven2,cat10-bear1,bottle5-oven2,cos,0.5652565956115723,0.8693892955780029,0,1
resnet50,cat10-oven2,cat10,oven2,cat10-bear1,bottle4-oven2,cos,0.5652565956115723,0.8365866541862488,0,1
resnet50,cat10-oven2,cat10,oven2,cat10-bear1,bottle9-oven2,cos,0.5652565956115723,0.8527808785438538,0,1
resnet50,cat10-oven2,cat10,oven2,cat10-bear1,keyboard4-oven2,cos,0.5652565956115723,0.8631623387336731,0,1
resnet50,cat10-oven2,cat10,oven2,cat10-bear1,keyboard5-oven2,cos,0.5652565956115723,0.8569303154945374,0,1
resnet50,cat10-oven2,cat10,oven2,cat10-bear1,keyboard7-oven2,cos,0.5652565956115723,0.8865870237350464,0,1
resnet50,cat10-oven2,cat10,oven2,cat10-bear1,clock10-oven2,cos,0.5652565956115723,0.8796653747558594,0,1
resnet50,cat10-oven2,cat10,oven2,cat10-bear1,knife4-oven2,cos,0.5652565956115723,0.8782034516334534,0,1
resnet50,cat10-oven2,cat10,oven2,cat10-bear1,knife5-oven2,cos,0.5652565956115723,0.840262234210968,0,1
resnet50,cat10-oven2,cat10,oven2,cat10-bear1,elephant1-oven2,cos,0.5652565956115723,0.8898322582244873,0,1
resnet50,cat10-oven2,cat10,oven2,cat10-clock1,cat3-oven2,cos,0.5395767688751221,0.8879340887069702,0,1
resnet50,cat10-oven2,cat10,oven2,cat10-clock1,car7-oven2,cos,0.5395767688751221,0.895480751991272,0,1
resnet50,cat10-oven2,cat10,oven2,cat10-clock1,car5-oven2,cos,0.5395767688751221,0.8187062740325928,0,1
resnet50,cat10-oven2,cat10,oven2,cat10-clock1,car4-oven2,cos,0.5395767688751221,0.8766688704490662,0,1
resnet50,cat10-oven2,cat10,oven2,cat10-clock1,dog10-oven2,cos,0.5395767688751221,0.9004392027854919,0,1
resnet50,cat10-oven2,cat10,oven2,cat10-clock1,dog7-oven2,cos,0.5395767688751221,0.9084756374359131,0,1
resnet50,cat10-oven2,cat10,oven2,cat10-clock1,bear4-oven2,cos,0.5395767688751221,0.8782476782798767,0,1
resnet50,cat10-oven2,cat10,oven2,cat10-clock1,chair4-oven2,cos,0.5395767688751221,0.861260175704956,0,1
resnet50,cat10-oven2,cat10,oven2,cat10-clock1,chair5-oven2,cos,0.5395767688751221,0.8863494396209717,0,1
resnet50,cat10-oven2,cat10,oven2,cat10-clock1,truck7-oven2,cos,0.5395767688751221,0.87289959192276,0,1
resnet50,cat10-oven2,cat10,oven2,cat10-clock1,truck3-oven2,cos,0.5395767688751221,0.8895732760429382,0,1
resnet50,cat10-oven2,cat10,oven2,cat10-clock1,truck4-oven2,cos,0.5395767688751221,0.9043437838554382,0,1
resnet50,cat10-oven2,cat10,oven2,cat10-clock1,airplane10-oven2,cos,0.5395767688751221,0.8540353775024414,0,1
resnet50,cat10-oven2,cat10,oven2,cat10-clock1,airplane8-oven2,cos,0.5395767688751221,0.8919214606285095,0,1
resnet50,cat10-oven2,cat10,oven2,cat10-clock1,airplane9-oven2,cos,0.5395767688751221,0.9111784100532532,0,1
resnet50,cat10-oven2,cat10,oven2,cat10-clock1,bottle7-oven2,cos,0.5395767688751221,0.8533598184585571,0,1
resnet50,cat10-oven2,cat10,oven2,cat10-clock1,bottle5-oven2,cos,0.5395767688751221,0.8693892955780029,0,1
resnet50,cat10-oven2,cat10,oven2,cat10-clock1,bottle4-oven2,cos,0.5395767688751221,0.8365866541862488,0,1
resnet50,cat10-oven2,cat10,oven2,cat10-clock1,bottle9-oven2,cos,0.5395767688751221,0.8527808785438538,0,1
resnet50,cat10-oven2,cat10,oven2,cat10-clock1,keyboard4-oven2,cos,0.5395767688751221,0.8631623387336731,0,1
resnet50,cat10-oven2,cat10,oven2,cat10-clock1,keyboard5-oven2,cos,0.5395767688751221,0.8569303154945374,0,1
resnet50,cat10-oven2,cat10,oven2,cat10-clock1,keyboard7-oven2,cos,0.5395767688751221,0.8865870237350464,0,1
resnet50,cat10-oven2,cat10,oven2,cat10-clock1,clock10-oven2,cos,0.5395767688751221,0.8796653747558594,0,1
resnet50,cat10-oven2,cat10,oven2,cat10-clock1,knife4-oven2,cos,0.5395767688751221,0.8782034516334534,0,1
resnet50,cat10-oven2,cat10,oven2,cat10-clock1,knife5-oven2,cos,0.5395767688751221,0.840262234210968,0,1
resnet50,cat10-oven2,cat10,oven2,cat10-clock1,elephant1-oven2,cos,0.5395767688751221,0.8898322582244873,0,1
resnet50,cat10-oven2,cat10,oven2,cat10-airplane3,cat3-oven2,cos,0.6531521081924438,0.8879340887069702,0,1
resnet50,cat10-oven2,cat10,oven2,cat10-airplane3,car7-oven2,cos,0.6531521081924438,0.895480751991272,0,1
resnet50,cat10-oven2,cat10,oven2,cat10-airplane3,car5-oven2,cos,0.6531521081924438,0.8187062740325928,0,1
resnet50,cat10-oven2,cat10,oven2,cat10-airplane3,car4-oven2,cos,0.6531521081924438,0.8766688704490662,0,1
resnet50,cat10-oven2,cat10,oven2,cat10-airplane3,dog10-oven2,cos,0.6531521081924438,0.9004392027854919,0,1
resnet50,cat10-oven2,cat10,oven2,cat10-airplane3,dog7-oven2,cos,0.6531521081924438,0.9084756374359131,0,1
resnet50,cat10-oven2,cat10,oven2,cat10-airplane3,bear4-oven2,cos,0.6531521081924438,0.8782476782798767,0,1
resnet50,cat10-oven2,cat10,oven2,cat10-airplane3,chair4-oven2,cos,0.6531521081924438,0.861260175704956,0,1
resnet50,cat10-oven2,cat10,oven2,cat10-airplane3,chair5-oven2,cos,0.6531521081924438,0.8863494396209717,0,1
resnet50,cat10-oven2,cat10,oven2,cat10-airplane3,truck7-oven2,cos,0.6531521081924438,0.87289959192276,0,1
resnet50,cat10-oven2,cat10,oven2,cat10-airplane3,truck3-oven2,cos,0.6531521081924438,0.8895732760429382,0,1
resnet50,cat10-oven2,cat10,oven2,cat10-airplane3,truck4-oven2,cos,0.6531521081924438,0.9043437838554382,0,1
resnet50,cat10-oven2,cat10,oven2,cat10-airplane3,airplane10-oven2,cos,0.6531521081924438,0.8540353775024414,0,1
resnet50,cat10-oven2,cat10,oven2,cat10-airplane3,airplane8-oven2,cos,0.6531521081924438,0.8919214606285095,0,1
resnet50,cat10-oven2,cat10,oven2,cat10-airplane3,airplane9-oven2,cos,0.6531521081924438,0.9111784100532532,0,1
resnet50,cat10-oven2,cat10,oven2,cat10-airplane3,bottle7-oven2,cos,0.6531521081924438,0.8533598184585571,0,1
resnet50,cat10-oven2,cat10,oven2,cat10-airplane3,bottle5-oven2,cos,0.6531521081924438,0.8693892955780029,0,1
resnet50,cat10-oven2,cat10,oven2,cat10-airplane3,bottle4-oven2,cos,0.6531521081924438,0.8365866541862488,0,1
resnet50,cat10-oven2,cat10,oven2,cat10-airplane3,bottle9-oven2,cos,0.6531521081924438,0.8527808785438538,0,1
resnet50,cat10-oven2,cat10,oven2,cat10-airplane3,keyboard4-oven2,cos,0.6531521081924438,0.8631623387336731,0,1
resnet50,cat10-oven2,cat10,oven2,cat10-airplane3,keyboard5-oven2,cos,0.6531521081924438,0.8569303154945374,0,1
resnet50,cat10-oven2,cat10,oven2,cat10-airplane3,keyboard7-oven2,cos,0.6531521081924438,0.8865870237350464,0,1
resnet50,cat10-oven2,cat10,oven2,cat10-airplane3,clock10-oven2,cos,0.6531521081924438,0.8796653747558594,0,1
resnet50,cat10-oven2,cat10,oven2,cat10-airplane3,knife4-oven2,cos,0.6531521081924438,0.8782034516334534,0,1
resnet50,cat10-oven2,cat10,oven2,cat10-airplane3,knife5-oven2,cos,0.6531521081924438,0.840262234210968,0,1
resnet50,cat10-oven2,cat10,oven2,cat10-airplane3,elephant1-oven2,cos,0.6531521081924438,0.8898322582244873,0,1
resnet50,cat10-oven2,cat10,oven2,cat10-bicycle1,cat3-oven2,cos,0.5826722979545593,0.8879340887069702,0,1
resnet50,cat10-oven2,cat10,oven2,cat10-bicycle1,car7-oven2,cos,0.5826722979545593,0.895480751991272,0,1
resnet50,cat10-oven2,cat10,oven2,cat10-bicycle1,car5-oven2,cos,0.5826722979545593,0.8187062740325928,0,1
resnet50,cat10-oven2,cat10,oven2,cat10-bicycle1,car4-oven2,cos,0.5826722979545593,0.8766688704490662,0,1
resnet50,cat10-oven2,cat10,oven2,cat10-bicycle1,dog10-oven2,cos,0.5826722979545593,0.9004392027854919,0,1
resnet50,cat10-oven2,cat10,oven2,cat10-bicycle1,dog7-oven2,cos,0.5826722979545593,0.9084756374359131,0,1
resnet50,cat10-oven2,cat10,oven2,cat10-bicycle1,bear4-oven2,cos,0.5826722979545593,0.8782476782798767,0,1
resnet50,cat10-oven2,cat10,oven2,cat10-bicycle1,chair4-oven2,cos,0.5826722979545593,0.861260175704956,0,1
resnet50,cat10-oven2,cat10,oven2,cat10-bicycle1,chair5-oven2,cos,0.5826722979545593,0.8863494396209717,0,1
resnet50,cat10-oven2,cat10,oven2,cat10-bicycle1,truck7-oven2,cos,0.5826722979545593,0.87289959192276,0,1
resnet50,cat10-oven2,cat10,oven2,cat10-bicycle1,truck3-oven2,cos,0.5826722979545593,0.8895732760429382,0,1
resnet50,cat10-oven2,cat10,oven2,cat10-bicycle1,truck4-oven2,cos,0.5826722979545593,0.9043437838554382,0,1
resnet50,cat10-oven2,cat10,oven2,cat10-bicycle1,airplane10-oven2,cos,0.5826722979545593,0.8540353775024414,0,1
resnet50,cat10-oven2,cat10,oven2,cat10-bicycle1,airplane8-oven2,cos,0.5826722979545593,0.8919214606285095,0,1
resnet50,cat10-oven2,cat10,oven2,cat10-bicycle1,airplane9-oven2,cos,0.5826722979545593,0.9111784100532532,0,1
resnet50,cat10-oven2,cat10,oven2,cat10-bicycle1,bottle7-oven2,cos,0.5826722979545593,0.8533598184585571,0,1
resnet50,cat10-oven2,cat10,oven2,cat10-bicycle1,bottle5-oven2,cos,0.5826722979545593,0.8693892955780029,0,1
resnet50,cat10-oven2,cat10,oven2,cat10-bicycle1,bottle4-oven2,cos,0.5826722979545593,0.8365866541862488,0,1
resnet50,cat10-oven2,cat10,oven2,cat10-bicycle1,bottle9-oven2,cos,0.5826722979545593,0.8527808785438538,0,1
resnet50,cat10-oven2,cat10,oven2,cat10-bicycle1,keyboard4-oven2,cos,0.5826722979545593,0.8631623387336731,0,1
resnet50,cat10-oven2,cat10,oven2,cat10-bicycle1,keyboard5-oven2,cos,0.5826722979545593,0.8569303154945374,0,1
resnet50,cat10-oven2,cat10,oven2,cat10-bicycle1,keyboard7-oven2,cos,0.5826722979545593,0.8865870237350464,0,1
resnet50,cat10-oven2,cat10,oven2,cat10-bicycle1,clock10-oven2,cos,0.5826722979545593,0.8796653747558594,0,1
resnet50,cat10-oven2,cat10,oven2,cat10-bicycle1,knife4-oven2,cos,0.5826722979545593,0.8782034516334534,0,1
resnet50,cat10-oven2,cat10,oven2,cat10-bicycle1,knife5-oven2,cos,0.5826722979545593,0.840262234210968,0,1
resnet50,cat10-oven2,cat10,oven2,cat10-bicycle1,elephant1-oven2,cos,0.5826722979545593,0.8898322582244873,0,1
resnet50,cat10-oven2,cat10,oven2,cat10-bottle1,cat3-oven2,cos,0.539903998374939,0.8879340887069702,0,1
resnet50,cat10-oven2,cat10,oven2,cat10-bottle1,car7-oven2,cos,0.539903998374939,0.895480751991272,0,1
resnet50,cat10-oven2,cat10,oven2,cat10-bottle1,car5-oven2,cos,0.539903998374939,0.8187062740325928,0,1
resnet50,cat10-oven2,cat10,oven2,cat10-bottle1,car4-oven2,cos,0.539903998374939,0.8766688704490662,0,1
resnet50,cat10-oven2,cat10,oven2,cat10-bottle1,dog10-oven2,cos,0.539903998374939,0.9004392027854919,0,1
resnet50,cat10-oven2,cat10,oven2,cat10-bottle1,dog7-oven2,cos,0.539903998374939,0.9084756374359131,0,1
resnet50,cat10-oven2,cat10,oven2,cat10-bottle1,bear4-oven2,cos,0.539903998374939,0.8782476782798767,0,1
resnet50,cat10-oven2,cat10,oven2,cat10-bottle1,chair4-oven2,cos,0.539903998374939,0.861260175704956,0,1
resnet50,cat10-oven2,cat10,oven2,cat10-bottle1,chair5-oven2,cos,0.539903998374939,0.8863494396209717,0,1
resnet50,cat10-oven2,cat10,oven2,cat10-bottle1,truck7-oven2,cos,0.539903998374939,0.87289959192276,0,1
resnet50,cat10-oven2,cat10,oven2,cat10-bottle1,truck3-oven2,cos,0.539903998374939,0.8895732760429382,0,1
resnet50,cat10-oven2,cat10,oven2,cat10-bottle1,truck4-oven2,cos,0.539903998374939,0.9043437838554382,0,1
resnet50,cat10-oven2,cat10,oven2,cat10-bottle1,airplane10-oven2,cos,0.539903998374939,0.8540353775024414,0,1
resnet50,cat10-oven2,cat10,oven2,cat10-bottle1,airplane8-oven2,cos,0.539903998374939,0.8919214606285095,0,1
resnet50,cat10-oven2,cat10,oven2,cat10-bottle1,airplane9-oven2,cos,0.539903998374939,0.9111784100532532,0,1
resnet50,cat10-oven2,cat10,oven2,cat10-bottle1,bottle7-oven2,cos,0.539903998374939,0.8533598184585571,0,1
resnet50,cat10-oven2,cat10,oven2,cat10-bottle1,bottle5-oven2,cos,0.539903998374939,0.8693892955780029,0,1
resnet50,cat10-oven2,cat10,oven2,cat10-bottle1,bottle4-oven2,cos,0.539903998374939,0.8365866541862488,0,1
resnet50,cat10-oven2,cat10,oven2,cat10-bottle1,bottle9-oven2,cos,0.539903998374939,0.8527808785438538,0,1
resnet50,cat10-oven2,cat10,oven2,cat10-bottle1,keyboard4-oven2,cos,0.539903998374939,0.8631623387336731,0,1
resnet50,cat10-oven2,cat10,oven2,cat10-bottle1,keyboard5-oven2,cos,0.539903998374939,0.8569303154945374,0,1
resnet50,cat10-oven2,cat10,oven2,cat10-bottle1,keyboard7-oven2,cos,0.539903998374939,0.8865870237350464,0,1
resnet50,cat10-oven2,cat10,oven2,cat10-bottle1,clock10-oven2,cos,0.539903998374939,0.8796653747558594,0,1
resnet50,cat10-oven2,cat10,oven2,cat10-bottle1,knife4-oven2,cos,0.539903998374939,0.8782034516334534,0,1
resnet50,cat10-oven2,cat10,oven2,cat10-bottle1,knife5-oven2,cos,0.539903998374939,0.840262234210968,0,1
resnet50,cat10-oven2,cat10,oven2,cat10-bottle1,elephant1-oven2,cos,0.539903998374939,0.8898322582244873,0,1
resnet50,cat10-oven2,cat10,oven2,cat10-keyboard1,cat3-oven2,cos,0.6693397164344788,0.8879340887069702,0,1
resnet50,cat10-oven2,cat10,oven2,cat10-keyboard1,car7-oven2,cos,0.6693397164344788,0.895480751991272,0,1
resnet50,cat10-oven2,cat10,oven2,cat10-keyboard1,car5-oven2,cos,0.6693397164344788,0.8187062740325928,0,1
resnet50,cat10-oven2,cat10,oven2,cat10-keyboard1,car4-oven2,cos,0.6693397164344788,0.8766688704490662,0,1
resnet50,cat10-oven2,cat10,oven2,cat10-keyboard1,dog10-oven2,cos,0.6693397164344788,0.9004392027854919,0,1
resnet50,cat10-oven2,cat10,oven2,cat10-keyboard1,dog7-oven2,cos,0.6693397164344788,0.9084756374359131,0,1
resnet50,cat10-oven2,cat10,oven2,cat10-keyboard1,bear4-oven2,cos,0.6693397164344788,0.8782476782798767,0,1
resnet50,cat10-oven2,cat10,oven2,cat10-keyboard1,chair4-oven2,cos,0.6693397164344788,0.861260175704956,0,1
resnet50,cat10-oven2,cat10,oven2,cat10-keyboard1,chair5-oven2,cos,0.6693397164344788,0.8863494396209717,0,1
resnet50,cat10-oven2,cat10,oven2,cat10-keyboard1,truck7-oven2,cos,0.6693397164344788,0.87289959192276,0,1
resnet50,cat10-oven2,cat10,oven2,cat10-keyboard1,truck3-oven2,cos,0.6693397164344788,0.8895732760429382,0,1
resnet50,cat10-oven2,cat10,oven2,cat10-keyboard1,truck4-oven2,cos,0.6693397164344788,0.9043437838554382,0,1
resnet50,cat10-oven2,cat10,oven2,cat10-keyboard1,airplane10-oven2,cos,0.6693397164344788,0.8540353775024414,0,1
resnet50,cat10-oven2,cat10,oven2,cat10-keyboard1,airplane8-oven2,cos,0.6693397164344788,0.8919214606285095,0,1
resnet50,cat10-oven2,cat10,oven2,cat10-keyboard1,airplane9-oven2,cos,0.6693397164344788,0.9111784100532532,0,1
resnet50,cat10-oven2,cat10,oven2,cat10-keyboard1,bottle7-oven2,cos,0.6693397164344788,0.8533598184585571,0,1
resnet50,cat10-oven2,cat10,oven2,cat10-keyboard1,bottle5-oven2,cos,0.6693397164344788,0.8693892955780029,0,1
resnet50,cat10-oven2,cat10,oven2,cat10-keyboard1,bottle4-oven2,cos,0.6693397164344788,0.8365866541862488,0,1
resnet50,cat10-oven2,cat10,oven2,cat10-keyboard1,bottle9-oven2,cos,0.6693397164344788,0.8527808785438538,0,1
resnet50,cat10-oven2,cat10,oven2,cat10-keyboard1,keyboard4-oven2,cos,0.6693397164344788,0.8631623387336731,0,1
resnet50,cat10-oven2,cat10,oven2,cat10-keyboard1,keyboard5-oven2,cos,0.6693397164344788,0.8569303154945374,0,1
resnet50,cat10-oven2,cat10,oven2,cat10-keyboard1,keyboard7-oven2,cos,0.6693397164344788,0.8865870237350464,0,1
resnet50,cat10-oven2,cat10,oven2,cat10-keyboard1,clock10-oven2,cos,0.6693397164344788,0.8796653747558594,0,1
resnet50,cat10-oven2,cat10,oven2,cat10-keyboard1,knife4-oven2,cos,0.6693397164344788,0.8782034516334534,0,1
resnet50,cat10-oven2,cat10,oven2,cat10-keyboard1,knife5-oven2,cos,0.6693397164344788,0.840262234210968,0,1
resnet50,cat10-oven2,cat10,oven2,cat10-keyboard1,elephant1-oven2,cos,0.6693397164344788,0.8898322582244873,0,1
resnet50,cat10-oven2,cat10,oven2,cat10-elephant3,cat3-oven2,ed,29.761173248291016,14.02322769165039,0,1
resnet50,cat10-oven2,cat10,oven2,cat10-elephant3,car7-oven2,ed,29.761173248291016,13.315770149230957,0,1
resnet50,cat10-oven2,cat10,oven2,cat10-elephant3,car5-oven2,ed,29.761173248291016,17.685169219970703,0,1
resnet50,cat10-oven2,cat10,oven2,cat10-elephant3,car4-oven2,ed,29.761173248291016,14.882270812988281,0,1
resnet50,cat10-oven2,cat10,oven2,cat10-elephant3,dog10-oven2,ed,29.761173248291016,13.178853988647461,0,1
resnet50,cat10-oven2,cat10,oven2,cat10-elephant3,dog7-oven2,ed,29.761173248291016,12.516258239746094,0,1
resnet50,cat10-oven2,cat10,oven2,cat10-elephant3,bear4-oven2,ed,29.761173248291016,15.075857162475586,0,1
resnet50,cat10-oven2,cat10,oven2,cat10-elephant3,chair4-oven2,ed,29.761173248291016,15.296070098876953,0,1
resnet50,cat10-oven2,cat10,oven2,cat10-elephant3,chair5-oven2,ed,29.761173248291016,14.149093627929688,0,1
resnet50,cat10-oven2,cat10,oven2,cat10-elephant3,truck7-oven2,ed,29.761173248291016,14.393579483032227,0,1
resnet50,cat10-oven2,cat10,oven2,cat10-elephant3,truck3-oven2,ed,29.761173248291016,13.575034141540527,0,1
resnet50,cat10-oven2,cat10,oven2,cat10-elephant3,truck4-oven2,ed,29.761173248291016,12.76917839050293,0,1
resnet50,cat10-oven2,cat10,oven2,cat10-elephant3,airplane10-oven2,ed,29.761173248291016,16.727237701416016,0,1
resnet50,cat10-oven2,cat10,oven2,cat10-elephant3,airplane8-oven2,ed,29.761173248291016,14.464303016662598,0,1
resnet50,cat10-oven2,cat10,oven2,cat10-elephant3,airplane9-oven2,ed,29.761173248291016,12.183660507202148,0,1
resnet50,cat10-oven2,cat10,oven2,cat10-elephant3,bottle7-oven2,ed,29.761173248291016,17.04030418395996,0,1
resnet50,cat10-oven2,cat10,oven2,cat10-elephant3,bottle5-oven2,ed,29.761173248291016,15.665667533874512,0,1
resnet50,cat10-oven2,cat10,oven2,cat10-elephant3,bottle4-oven2,ed,29.761173248291016,17.765399932861328,0,1
resnet50,cat10-oven2,cat10,oven2,cat10-elephant3,bottle9-oven2,ed,29.761173248291016,16.26249122619629,0,1
resnet50,cat10-oven2,cat10,oven2,cat10-elephant3,keyboard4-oven2,ed,29.761173248291016,15.165472030639648,0,1
resnet50,cat10-oven2,cat10,oven2,cat10-elephant3,keyboard5-oven2,ed,29.761173248291016,15.430190086364746,0,1
resnet50,cat10-oven2,cat10,oven2,cat10-elephant3,keyboard7-oven2,ed,29.761173248291016,13.647619247436523,0,1
resnet50,cat10-oven2,cat10,oven2,cat10-elephant3,clock10-oven2,ed,29.761173248291016,14.040043830871582,0,1
resnet50,cat10-oven2,cat10,oven2,cat10-elephant3,knife4-oven2,ed,29.761173248291016,15.399162292480469,0,1
resnet50,cat10-oven2,cat10,oven2,cat10-elephant3,knife5-oven2,ed,29.761173248291016,16.8963680267334,0,1
resnet50,cat10-oven2,cat10,oven2,cat10-elephant3,elephant1-oven2,ed,29.761173248291016,14.127045631408691,0,1
resnet50,cat10-oven2,cat10,oven2,cat10-bird2,cat3-oven2,ed,24.704139709472656,14.02322769165039,0,1
resnet50,cat10-oven2,cat10,oven2,cat10-bird2,car7-oven2,ed,24.704139709472656,13.315770149230957,0,1
resnet50,cat10-oven2,cat10,oven2,cat10-bird2,car5-oven2,ed,24.704139709472656,17.685169219970703,0,1
resnet50,cat10-oven2,cat10,oven2,cat10-bird2,car4-oven2,ed,24.704139709472656,14.882270812988281,0,1
resnet50,cat10-oven2,cat10,oven2,cat10-bird2,dog10-oven2,ed,24.704139709472656,13.178853988647461,0,1
resnet50,cat10-oven2,cat10,oven2,cat10-bird2,dog7-oven2,ed,24.704139709472656,12.516258239746094,0,1
resnet50,cat10-oven2,cat10,oven2,cat10-bird2,bear4-oven2,ed,24.704139709472656,15.075857162475586,0,1
resnet50,cat10-oven2,cat10,oven2,cat10-bird2,chair4-oven2,ed,24.704139709472656,15.296070098876953,0,1
resnet50,cat10-oven2,cat10,oven2,cat10-bird2,chair5-oven2,ed,24.704139709472656,14.149093627929688,0,1
resnet50,cat10-oven2,cat10,oven2,cat10-bird2,truck7-oven2,ed,24.704139709472656,14.393579483032227,0,1
resnet50,cat10-oven2,cat10,oven2,cat10-bird2,truck3-oven2,ed,24.704139709472656,13.575034141540527,0,1
resnet50,cat10-oven2,cat10,oven2,cat10-bird2,truck4-oven2,ed,24.704139709472656,12.76917839050293,0,1
resnet50,cat10-oven2,cat10,oven2,cat10-bird2,airplane10-oven2,ed,24.704139709472656,16.727237701416016,0,1
resnet50,cat10-oven2,cat10,oven2,cat10-bird2,airplane8-oven2,ed,24.704139709472656,14.464303016662598,0,1
resnet50,cat10-oven2,cat10,oven2,cat10-bird2,airplane9-oven2,ed,24.704139709472656,12.183660507202148,0,1
resnet50,cat10-oven2,cat10,oven2,cat10-bird2,bottle7-oven2,ed,24.704139709472656,17.04030418395996,0,1
resnet50,cat10-oven2,cat10,oven2,cat10-bird2,bottle5-oven2,ed,24.704139709472656,15.665667533874512,0,1
resnet50,cat10-oven2,cat10,oven2,cat10-bird2,bottle4-oven2,ed,24.704139709472656,17.765399932861328,0,1
resnet50,cat10-oven2,cat10,oven2,cat10-bird2,bottle9-oven2,ed,24.704139709472656,16.26249122619629,0,1
resnet50,cat10-oven2,cat10,oven2,cat10-bird2,keyboard4-oven2,ed,24.704139709472656,15.165472030639648,0,1
resnet50,cat10-oven2,cat10,oven2,cat10-bird2,keyboard5-oven2,ed,24.704139709472656,15.430190086364746,0,1
resnet50,cat10-oven2,cat10,oven2,cat10-bird2,keyboard7-oven2,ed,24.704139709472656,13.647619247436523,0,1
resnet50,cat10-oven2,cat10,oven2,cat10-bird2,clock10-oven2,ed,24.704139709472656,14.040043830871582,0,1
resnet50,cat10-oven2,cat10,oven2,cat10-bird2,knife4-oven2,ed,24.704139709472656,15.399162292480469,0,1
resnet50,cat10-oven2,cat10,oven2,cat10-bird2,knife5-oven2,ed,24.704139709472656,16.8963680267334,0,1
resnet50,cat10-oven2,cat10,oven2,cat10-bird2,elephant1-oven2,ed,24.704139709472656,14.127045631408691,0,1
resnet50,cat10-oven2,cat10,oven2,cat10-bear1,cat3-oven2,ed,27.300151824951172,14.02322769165039,0,1
resnet50,cat10-oven2,cat10,oven2,cat10-bear1,car7-oven2,ed,27.300151824951172,13.315770149230957,0,1
resnet50,cat10-oven2,cat10,oven2,cat10-bear1,car5-oven2,ed,27.300151824951172,17.685169219970703,0,1
resnet50,cat10-oven2,cat10,oven2,cat10-bear1,car4-oven2,ed,27.300151824951172,14.882270812988281,0,1
resnet50,cat10-oven2,cat10,oven2,cat10-bear1,dog10-oven2,ed,27.300151824951172,13.178853988647461,0,1
resnet50,cat10-oven2,cat10,oven2,cat10-bear1,dog7-oven2,ed,27.300151824951172,12.516258239746094,0,1
resnet50,cat10-oven2,cat10,oven2,cat10-bear1,bear4-oven2,ed,27.300151824951172,15.075857162475586,0,1
resnet50,cat10-oven2,cat10,oven2,cat10-bear1,chair4-oven2,ed,27.300151824951172,15.296070098876953,0,1
resnet50,cat10-oven2,cat10,oven2,cat10-bear1,chair5-oven2,ed,27.300151824951172,14.149093627929688,0,1
resnet50,cat10-oven2,cat10,oven2,cat10-bear1,truck7-oven2,ed,27.300151824951172,14.393579483032227,0,1
resnet50,cat10-oven2,cat10,oven2,cat10-bear1,truck3-oven2,ed,27.300151824951172,13.575034141540527,0,1
resnet50,cat10-oven2,cat10,oven2,cat10-bear1,truck4-oven2,ed,27.300151824951172,12.76917839050293,0,1
resnet50,cat10-oven2,cat10,oven2,cat10-bear1,airplane10-oven2,ed,27.300151824951172,16.727237701416016,0,1
resnet50,cat10-oven2,cat10,oven2,cat10-bear1,airplane8-oven2,ed,27.300151824951172,14.464303016662598,0,1
resnet50,cat10-oven2,cat10,oven2,cat10-bear1,airplane9-oven2,ed,27.300151824951172,12.183660507202148,0,1
resnet50,cat10-oven2,cat10,oven2,cat10-bear1,bottle7-oven2,ed,27.300151824951172,17.04030418395996,0,1
resnet50,cat10-oven2,cat10,oven2,cat10-bear1,bottle5-oven2,ed,27.300151824951172,15.665667533874512,0,1
resnet50,cat10-oven2,cat10,oven2,cat10-bear1,bottle4-oven2,ed,27.300151824951172,17.765399932861328,0,1
resnet50,cat10-oven2,cat10,oven2,cat10-bear1,bottle9-oven2,ed,27.300151824951172,16.26249122619629,0,1
resnet50,cat10-oven2,cat10,oven2,cat10-bear1,keyboard4-oven2,ed,27.300151824951172,15.165472030639648,0,1
resnet50,cat10-oven2,cat10,oven2,cat10-bear1,keyboard5-oven2,ed,27.300151824951172,15.430190086364746,0,1
resnet50,cat10-oven2,cat10,oven2,cat10-bear1,keyboard7-oven2,ed,27.300151824951172,13.647619247436523,0,1
resnet50,cat10-oven2,cat10,oven2,cat10-bear1,clock10-oven2,ed,27.300151824951172,14.040043830871582,0,1
resnet50,cat10-oven2,cat10,oven2,cat10-bear1,knife4-oven2,ed,27.300151824951172,15.399162292480469,0,1
resnet50,cat10-oven2,cat10,oven2,cat10-bear1,knife5-oven2,ed,27.300151824951172,16.8963680267334,0,1
resnet50,cat10-oven2,cat10,oven2,cat10-bear1,elephant1-oven2,ed,27.300151824951172,14.127045631408691,0,1
resnet50,cat10-oven2,cat10,oven2,cat10-clock1,cat3-oven2,ed,29.62975311279297,14.02322769165039,0,1
resnet50,cat10-oven2,cat10,oven2,cat10-clock1,car7-oven2,ed,29.62975311279297,13.315770149230957,0,1
resnet50,cat10-oven2,cat10,oven2,cat10-clock1,car5-oven2,ed,29.62975311279297,17.685169219970703,0,1
resnet50,cat10-oven2,cat10,oven2,cat10-clock1,car4-oven2,ed,29.62975311279297,14.882270812988281,0,1
resnet50,cat10-oven2,cat10,oven2,cat10-clock1,dog10-oven2,ed,29.62975311279297,13.178853988647461,0,1
resnet50,cat10-oven2,cat10,oven2,cat10-clock1,dog7-oven2,ed,29.62975311279297,12.516258239746094,0,1
resnet50,cat10-oven2,cat10,oven2,cat10-clock1,bear4-oven2,ed,29.62975311279297,15.075857162475586,0,1
resnet50,cat10-oven2,cat10,oven2,cat10-clock1,chair4-oven2,ed,29.62975311279297,15.296070098876953,0,1
resnet50,cat10-oven2,cat10,oven2,cat10-clock1,chair5-oven2,ed,29.62975311279297,14.149093627929688,0,1
resnet50,cat10-oven2,cat10,oven2,cat10-clock1,truck7-oven2,ed,29.62975311279297,14.393579483032227,0,1
resnet50,cat10-oven2,cat10,oven2,cat10-clock1,truck3-oven2,ed,29.62975311279297,13.575034141540527,0,1
resnet50,cat10-oven2,cat10,oven2,cat10-clock1,truck4-oven2,ed,29.62975311279297,12.76917839050293,0,1
resnet50,cat10-oven2,cat10,oven2,cat10-clock1,airplane10-oven2,ed,29.62975311279297,16.727237701416016,0,1
resnet50,cat10-oven2,cat10,oven2,cat10-clock1,airplane8-oven2,ed,29.62975311279297,14.464303016662598,0,1
resnet50,cat10-oven2,cat10,oven2,cat10-clock1,airplane9-oven2,ed,29.62975311279297,12.183660507202148,0,1
resnet50,cat10-oven2,cat10,oven2,cat10-clock1,bottle7-oven2,ed,29.62975311279297,17.04030418395996,0,1
resnet50,cat10-oven2,cat10,oven2,cat10-clock1,bottle5-oven2,ed,29.62975311279297,15.665667533874512,0,1
resnet50,cat10-oven2,cat10,oven2,cat10-clock1,bottle4-oven2,ed,29.62975311279297,17.765399932861328,0,1
resnet50,cat10-oven2,cat10,oven2,cat10-clock1,bottle9-oven2,ed,29.62975311279297,16.26249122619629,0,1
resnet50,cat10-oven2,cat10,oven2,cat10-clock1,keyboard4-oven2,ed,29.62975311279297,15.165472030639648,0,1
resnet50,cat10-oven2,cat10,oven2,cat10-clock1,keyboard5-oven2,ed,29.62975311279297,15.430190086364746,0,1
resnet50,cat10-oven2,cat10,oven2,cat10-clock1,keyboard7-oven2,ed,29.62975311279297,13.647619247436523,0,1
resnet50,cat10-oven2,cat10,oven2,cat10-clock1,clock10-oven2,ed,29.62975311279297,14.040043830871582,0,1
resnet50,cat10-oven2,cat10,oven2,cat10-clock1,knife4-oven2,ed,29.62975311279297,15.399162292480469,0,1
resnet50,cat10-oven2,cat10,oven2,cat10-clock1,knife5-oven2,ed,29.62975311279297,16.8963680267334,0,1
resnet50,cat10-oven2,cat10,oven2,cat10-clock1,elephant1-oven2,ed,29.62975311279297,14.127045631408691,0,1
resnet50,cat10-oven2,cat10,oven2,cat10-airplane3,cat3-oven2,ed,24.579801559448242,14.02322769165039,0,1
resnet50,cat10-oven2,cat10,oven2,cat10-airplane3,car7-oven2,ed,24.579801559448242,13.315770149230957,0,1
resnet50,cat10-oven2,cat10,oven2,cat10-airplane3,car5-oven2,ed,24.579801559448242,17.685169219970703,0,1
resnet50,cat10-oven2,cat10,oven2,cat10-airplane3,car4-oven2,ed,24.579801559448242,14.882270812988281,0,1
resnet50,cat10-oven2,cat10,oven2,cat10-airplane3,dog10-oven2,ed,24.579801559448242,13.178853988647461,0,1
resnet50,cat10-oven2,cat10,oven2,cat10-airplane3,dog7-oven2,ed,24.579801559448242,12.516258239746094,0,1
resnet50,cat10-oven2,cat10,oven2,cat10-airplane3,bear4-oven2,ed,24.579801559448242,15.075857162475586,0,1
resnet50,cat10-oven2,cat10,oven2,cat10-airplane3,chair4-oven2,ed,24.579801559448242,15.296070098876953,0,1
resnet50,cat10-oven2,cat10,oven2,cat10-airplane3,chair5-oven2,ed,24.579801559448242,14.149093627929688,0,1
resnet50,cat10-oven2,cat10,oven2,cat10-airplane3,truck7-oven2,ed,24.579801559448242,14.393579483032227,0,1
resnet50,cat10-oven2,cat10,oven2,cat10-airplane3,truck3-oven2,ed,24.579801559448242,13.575034141540527,0,1
resnet50,cat10-oven2,cat10,oven2,cat10-airplane3,truck4-oven2,ed,24.579801559448242,12.76917839050293,0,1
resnet50,cat10-oven2,cat10,oven2,cat10-airplane3,airplane10-oven2,ed,24.579801559448242,16.727237701416016,0,1
resnet50,cat10-oven2,cat10,oven2,cat10-airplane3,airplane8-oven2,ed,24.579801559448242,14.464303016662598,0,1
resnet50,cat10-oven2,cat10,oven2,cat10-airplane3,airplane9-oven2,ed,24.579801559448242,12.183660507202148,0,1
resnet50,cat10-oven2,cat10,oven2,cat10-airplane3,bottle7-oven2,ed,24.579801559448242,17.04030418395996,0,1
resnet50,cat10-oven2,cat10,oven2,cat10-airplane3,bottle5-oven2,ed,24.579801559448242,15.665667533874512,0,1
resnet50,cat10-oven2,cat10,oven2,cat10-airplane3,bottle4-oven2,ed,24.579801559448242,17.765399932861328,0,1
resnet50,cat10-oven2,cat10,oven2,cat10-airplane3,bottle9-oven2,ed,24.579801559448242,16.26249122619629,0,1
resnet50,cat10-oven2,cat10,oven2,cat10-airplane3,keyboard4-oven2,ed,24.579801559448242,15.165472030639648,0,1
resnet50,cat10-oven2,cat10,oven2,cat10-airplane3,keyboard5-oven2,ed,24.579801559448242,15.430190086364746,0,1
resnet50,cat10-oven2,cat10,oven2,cat10-airplane3,keyboard7-oven2,ed,24.579801559448242,13.647619247436523,0,1
resnet50,cat10-oven2,cat10,oven2,cat10-airplane3,clock10-oven2,ed,24.579801559448242,14.040043830871582,0,1
resnet50,cat10-oven2,cat10,oven2,cat10-airplane3,knife4-oven2,ed,24.579801559448242,15.399162292480469,0,1
resnet50,cat10-oven2,cat10,oven2,cat10-airplane3,knife5-oven2,ed,24.579801559448242,16.8963680267334,0,1
resnet50,cat10-oven2,cat10,oven2,cat10-airplane3,elephant1-oven2,ed,24.579801559448242,14.127045631408691,0,1
resnet50,cat10-oven2,cat10,oven2,cat10-bicycle1,cat3-oven2,ed,28.03017234802246,14.02322769165039,0,1
resnet50,cat10-oven2,cat10,oven2,cat10-bicycle1,car7-oven2,ed,28.03017234802246,13.315770149230957,0,1
resnet50,cat10-oven2,cat10,oven2,cat10-bicycle1,car5-oven2,ed,28.03017234802246,17.685169219970703,0,1
resnet50,cat10-oven2,cat10,oven2,cat10-bicycle1,car4-oven2,ed,28.03017234802246,14.882270812988281,0,1
resnet50,cat10-oven2,cat10,oven2,cat10-bicycle1,dog10-oven2,ed,28.03017234802246,13.178853988647461,0,1
resnet50,cat10-oven2,cat10,oven2,cat10-bicycle1,dog7-oven2,ed,28.03017234802246,12.516258239746094,0,1
resnet50,cat10-oven2,cat10,oven2,cat10-bicycle1,bear4-oven2,ed,28.03017234802246,15.075857162475586,0,1
resnet50,cat10-oven2,cat10,oven2,cat10-bicycle1,chair4-oven2,ed,28.03017234802246,15.296070098876953,0,1
resnet50,cat10-oven2,cat10,oven2,cat10-bicycle1,chair5-oven2,ed,28.03017234802246,14.149093627929688,0,1
resnet50,cat10-oven2,cat10,oven2,cat10-bicycle1,truck7-oven2,ed,28.03017234802246,14.393579483032227,0,1
resnet50,cat10-oven2,cat10,oven2,cat10-bicycle1,truck3-oven2,ed,28.03017234802246,13.575034141540527,0,1
resnet50,cat10-oven2,cat10,oven2,cat10-bicycle1,truck4-oven2,ed,28.03017234802246,12.76917839050293,0,1
resnet50,cat10-oven2,cat10,oven2,cat10-bicycle1,airplane10-oven2,ed,28.03017234802246,16.727237701416016,0,1
resnet50,cat10-oven2,cat10,oven2,cat10-bicycle1,airplane8-oven2,ed,28.03017234802246,14.464303016662598,0,1
resnet50,cat10-oven2,cat10,oven2,cat10-bicycle1,airplane9-oven2,ed,28.03017234802246,12.183660507202148,0,1
resnet50,cat10-oven2,cat10,oven2,cat10-bicycle1,bottle7-oven2,ed,28.03017234802246,17.04030418395996,0,1
resnet50,cat10-oven2,cat10,oven2,cat10-bicycle1,bottle5-oven2,ed,28.03017234802246,15.665667533874512,0,1
resnet50,cat10-oven2,cat10,oven2,cat10-bicycle1,bottle4-oven2,ed,28.03017234802246,17.765399932861328,0,1
resnet50,cat10-oven2,cat10,oven2,cat10-bicycle1,bottle9-oven2,ed,28.03017234802246,16.26249122619629,0,1
resnet50,cat10-oven2,cat10,oven2,cat10-bicycle1,keyboard4-oven2,ed,28.03017234802246,15.165472030639648,0,1
resnet50,cat10-oven2,cat10,oven2,cat10-bicycle1,keyboard5-oven2,ed,28.03017234802246,15.430190086364746,0,1
resnet50,cat10-oven2,cat10,oven2,cat10-bicycle1,keyboard7-oven2,ed,28.03017234802246,13.647619247436523,0,1
resnet50,cat10-oven2,cat10,oven2,cat10-bicycle1,clock10-oven2,ed,28.03017234802246,14.040043830871582,0,1
resnet50,cat10-oven2,cat10,oven2,cat10-bicycle1,knife4-oven2,ed,28.03017234802246,15.399162292480469,0,1
resnet50,cat10-oven2,cat10,oven2,cat10-bicycle1,knife5-oven2,ed,28.03017234802246,16.8963680267334,0,1
resnet50,cat10-oven2,cat10,oven2,cat10-bicycle1,elephant1-oven2,ed,28.03017234802246,14.127045631408691,0,1
resnet50,cat10-oven2,cat10,oven2,cat10-bottle1,cat3-oven2,ed,29.56475257873535,14.02322769165039,0,1
resnet50,cat10-oven2,cat10,oven2,cat10-bottle1,car7-oven2,ed,29.56475257873535,13.315770149230957,0,1
resnet50,cat10-oven2,cat10,oven2,cat10-bottle1,car5-oven2,ed,29.56475257873535,17.685169219970703,0,1
resnet50,cat10-oven2,cat10,oven2,cat10-bottle1,car4-oven2,ed,29.56475257873535,14.882270812988281,0,1
resnet50,cat10-oven2,cat10,oven2,cat10-bottle1,dog10-oven2,ed,29.56475257873535,13.178853988647461,0,1
resnet50,cat10-oven2,cat10,oven2,cat10-bottle1,dog7-oven2,ed,29.56475257873535,12.516258239746094,0,1
resnet50,cat10-oven2,cat10,oven2,cat10-bottle1,bear4-oven2,ed,29.56475257873535,15.075857162475586,0,1
resnet50,cat10-oven2,cat10,oven2,cat10-bottle1,chair4-oven2,ed,29.56475257873535,15.296070098876953,0,1
resnet50,cat10-oven2,cat10,oven2,cat10-bottle1,chair5-oven2,ed,29.56475257873535,14.149093627929688,0,1
resnet50,cat10-oven2,cat10,oven2,cat10-bottle1,truck7-oven2,ed,29.56475257873535,14.393579483032227,0,1
resnet50,cat10-oven2,cat10,oven2,cat10-bottle1,truck3-oven2,ed,29.56475257873535,13.575034141540527,0,1
resnet50,cat10-oven2,cat10,oven2,cat10-bottle1,truck4-oven2,ed,29.56475257873535,12.76917839050293,0,1
resnet50,cat10-oven2,cat10,oven2,cat10-bottle1,airplane10-oven2,ed,29.56475257873535,16.727237701416016,0,1
resnet50,cat10-oven2,cat10,oven2,cat10-bottle1,airplane8-oven2,ed,29.56475257873535,14.464303016662598,0,1
resnet50,cat10-oven2,cat10,oven2,cat10-bottle1,airplane9-oven2,ed,29.56475257873535,12.183660507202148,0,1
resnet50,cat10-oven2,cat10,oven2,cat10-bottle1,bottle7-oven2,ed,29.56475257873535,17.04030418395996,0,1
resnet50,cat10-oven2,cat10,oven2,cat10-bottle1,bottle5-oven2,ed,29.56475257873535,15.665667533874512,0,1
resnet50,cat10-oven2,cat10,oven2,cat10-bottle1,bottle4-oven2,ed,29.56475257873535,17.765399932861328,0,1
resnet50,cat10-oven2,cat10,oven2,cat10-bottle1,bottle9-oven2,ed,29.56475257873535,16.26249122619629,0,1
resnet50,cat10-oven2,cat10,oven2,cat10-bottle1,keyboard4-oven2,ed,29.56475257873535,15.165472030639648,0,1
resnet50,cat10-oven2,cat10,oven2,cat10-bottle1,keyboard5-oven2,ed,29.56475257873535,15.430190086364746,0,1
resnet50,cat10-oven2,cat10,oven2,cat10-bottle1,keyboard7-oven2,ed,29.56475257873535,13.647619247436523,0,1
resnet50,cat10-oven2,cat10,oven2,cat10-bottle1,clock10-oven2,ed,29.56475257873535,14.040043830871582,0,1
resnet50,cat10-oven2,cat10,oven2,cat10-bottle1,knife4-oven2,ed,29.56475257873535,15.399162292480469,0,1
resnet50,cat10-oven2,cat10,oven2,cat10-bottle1,knife5-oven2,ed,29.56475257873535,16.8963680267334,0,1
resnet50,cat10-oven2,cat10,oven2,cat10-bottle1,elephant1-oven2,ed,29.56475257873535,14.127045631408691,0,1
resnet50,cat10-oven2,cat10,oven2,cat10-keyboard1,cat3-oven2,ed,24.506336212158203,14.02322769165039,0,1
resnet50,cat10-oven2,cat10,oven2,cat10-keyboard1,car7-oven2,ed,24.506336212158203,13.315770149230957,0,1
resnet50,cat10-oven2,cat10,oven2,cat10-keyboard1,car5-oven2,ed,24.506336212158203,17.685169219970703,0,1
resnet50,cat10-oven2,cat10,oven2,cat10-keyboard1,car4-oven2,ed,24.506336212158203,14.882270812988281,0,1
resnet50,cat10-oven2,cat10,oven2,cat10-keyboard1,dog10-oven2,ed,24.506336212158203,13.178853988647461,0,1
resnet50,cat10-oven2,cat10,oven2,cat10-keyboard1,dog7-oven2,ed,24.506336212158203,12.516258239746094,0,1
resnet50,cat10-oven2,cat10,oven2,cat10-keyboard1,bear4-oven2,ed,24.506336212158203,15.075857162475586,0,1
resnet50,cat10-oven2,cat10,oven2,cat10-keyboard1,chair4-oven2,ed,24.506336212158203,15.296070098876953,0,1
resnet50,cat10-oven2,cat10,oven2,cat10-keyboard1,chair5-oven2,ed,24.506336212158203,14.149093627929688,0,1
resnet50,cat10-oven2,cat10,oven2,cat10-keyboard1,truck7-oven2,ed,24.506336212158203,14.393579483032227,0,1
resnet50,cat10-oven2,cat10,oven2,cat10-keyboard1,truck3-oven2,ed,24.506336212158203,13.575034141540527,0,1
resnet50,cat10-oven2,cat10,oven2,cat10-keyboard1,truck4-oven2,ed,24.506336212158203,12.76917839050293,0,1
resnet50,cat10-oven2,cat10,oven2,cat10-keyboard1,airplane10-oven2,ed,24.506336212158203,16.727237701416016,0,1
resnet50,cat10-oven2,cat10,oven2,cat10-keyboard1,airplane8-oven2,ed,24.506336212158203,14.464303016662598,0,1
resnet50,cat10-oven2,cat10,oven2,cat10-keyboard1,airplane9-oven2,ed,24.506336212158203,12.183660507202148,0,1
resnet50,cat10-oven2,cat10,oven2,cat10-keyboard1,bottle7-oven2,ed,24.506336212158203,17.04030418395996,0,1
resnet50,cat10-oven2,cat10,oven2,cat10-keyboard1,bottle5-oven2,ed,24.506336212158203,15.665667533874512,0,1
resnet50,cat10-oven2,cat10,oven2,cat10-keyboard1,bottle4-oven2,ed,24.506336212158203,17.765399932861328,0,1
resnet50,cat10-oven2,cat10,oven2,cat10-keyboard1,bottle9-oven2,ed,24.506336212158203,16.26249122619629,0,1
resnet50,cat10-oven2,cat10,oven2,cat10-keyboard1,keyboard4-oven2,ed,24.506336212158203,15.165472030639648,0,1
resnet50,cat10-oven2,cat10,oven2,cat10-keyboard1,keyboard5-oven2,ed,24.506336212158203,15.430190086364746,0,1
resnet50,cat10-oven2,cat10,oven2,cat10-keyboard1,keyboard7-oven2,ed,24.506336212158203,13.647619247436523,0,1
resnet50,cat10-oven2,cat10,oven2,cat10-keyboard1,clock10-oven2,ed,24.506336212158203,14.040043830871582,0,1
resnet50,cat10-oven2,cat10,oven2,cat10-keyboard1,knife4-oven2,ed,24.506336212158203,15.399162292480469,0,1
resnet50,cat10-oven2,cat10,oven2,cat10-keyboard1,knife5-oven2,ed,24.506336212158203,16.8963680267334,0,1
resnet50,cat10-oven2,cat10,oven2,cat10-keyboard1,elephant1-oven2,ed,24.506336212158203,14.127045631408691,0,1
