Model,Anchor,Anchor Shape,Anchor Texture,Shape Match,Texture Match,Metric,Shape Distance,Texture Distance,Shape Match Closer,Texture Match Closer
resnet50,dog4-bird1,dog4,bird1,dog4-bicycle1,cat1-bird1,dot,567.5632934570312,742.7933349609375,0,1
resnet50,dog4-bird1,dog4,bird1,dog4-bicycle1,car9-bird1,dot,567.5632934570312,712.5535278320312,0,1
resnet50,dog4-bird1,dog4,bird1,dog4-bicycle1,car4-bird1,dot,567.5632934570312,689.8685302734375,0,1
resnet50,dog4-bird1,dog4,bird1,dog4-bicycle1,dog1-bird1,dot,567.5632934570312,755.64892578125,0,1
resnet50,dog4-bird1,dog4,bird1,dog4-bicycle1,dog6-bird1,dot,567.5632934570312,788.2471923828125,0,1
resnet50,dog4-bird1,dog4,bird1,dog4-bicycle1,bear5-bird1,dot,567.5632934570312,650.9498291015625,0,1
resnet50,dog4-bird1,dog4,bird1,dog4-bicycle1,boat2-bird1,dot,567.5632934570312,660.6861572265625,0,1
resnet50,dog4-bird1,dog4,bird1,dog4-bicycle1,boat4-bird1,dot,567.5632934570312,608.0833740234375,0,1
resnet50,dog4-bird1,dog4,bird1,dog4-bicycle1,boat9-bird1,dot,567.5632934570312,637.9566040039062,0,1
resnet50,dog4-bird1,dog4,bird1,dog4-bicycle1,oven6-bird1,dot,567.5632934570312,693.4493408203125,0,1
resnet50,dog4-bird1,dog4,bird1,dog4-bicycle1,oven5-bird1,dot,567.5632934570312,778.5761108398438,0,1
resnet50,dog4-bird1,dog4,bird1,dog4-bicycle1,chair5-bird1,dot,567.5632934570312,751.7546997070312,0,1
resnet50,dog4-bird1,dog4,bird1,dog4-bicycle1,chair7-bird1,dot,567.5632934570312,720.6068115234375,0,1
resnet50,dog4-bird1,dog4,bird1,dog4-bicycle1,truck1-bird1,dot,567.5632934570312,650.7127685546875,0,1
resnet50,dog4-bird1,dog4,bird1,dog4-bicycle1,airplane8-bird1,dot,567.5632934570312,662.9744262695312,0,1
resnet50,dog4-bird1,dog4,bird1,dog4-bicycle1,bicycle3-bird1,dot,567.5632934570312,601.1544189453125,0,1
resnet50,dog4-bird1,dog4,bird1,dog4-bicycle1,bicycle1-bird1,dot,567.5632934570312,580.3006591796875,0,1
resnet50,dog4-bird1,dog4,bird1,dog4-bicycle1,bottle3-bird1,dot,567.5632934570312,748.2640991210938,0,1
resnet50,dog4-bird1,dog4,bird1,dog4-bicycle1,bottle8-bird1,dot,567.5632934570312,629.533447265625,0,1
resnet50,dog4-bird1,dog4,bird1,dog4-bicycle1,bottle6-bird1,dot,567.5632934570312,728.9015502929688,0,1
resnet50,dog4-bird1,dog4,bird1,dog4-bicycle1,keyboard9-bird1,dot,567.5632934570312,762.285888671875,0,1
resnet50,dog4-bird1,dog4,bird1,dog4-bicycle1,keyboard4-bird1,dot,567.5632934570312,738.214599609375,0,1
resnet50,dog4-bird1,dog4,bird1,dog4-bicycle1,clock3-bird1,dot,567.5632934570312,514.5362548828125,1,0
resnet50,dog4-bird1,dog4,bird1,dog4-bicycle1,knife6-bird1,dot,567.5632934570312,589.2447509765625,0,1
resnet50,dog4-bird1,dog4,bird1,dog4-bicycle1,knife9-bird1,dot,567.5632934570312,638.44677734375,0,1
resnet50,dog4-bird1,dog4,bird1,dog4-bicycle1,knife2-bird1,dot,567.5632934570312,718.82470703125,0,1
resnet50,dog4-bird1,dog4,bird1,dog4-bicycle1,elephant6-bird1,dot,567.5632934570312,569.963134765625,0,1
resnet50,dog4-bird1,dog4,bird1,dog4-bicycle1,elephant7-bird1,dot,567.5632934570312,732.701904296875,0,1
resnet50,dog4-bird1,dog4,bird1,dog4-bicycle1,elephant4-bird1,dot,567.5632934570312,714.4249267578125,0,1
resnet50,dog4-bird1,dog4,bird1,dog4-bicycle1,elephant2-bird1,dot,567.5632934570312,798.210693359375,0,1
resnet50,dog4-bird1,dog4,bird1,dog4-cat3,cat1-bird1,dot,542.378662109375,742.7933349609375,0,1
resnet50,dog4-bird1,dog4,bird1,dog4-cat3,car9-bird1,dot,542.378662109375,712.5535278320312,0,1
resnet50,dog4-bird1,dog4,bird1,dog4-cat3,car4-bird1,dot,542.378662109375,689.8685302734375,0,1
resnet50,dog4-bird1,dog4,bird1,dog4-cat3,dog1-bird1,dot,542.378662109375,755.64892578125,0,1
resnet50,dog4-bird1,dog4,bird1,dog4-cat3,dog6-bird1,dot,542.378662109375,788.2471923828125,0,1
resnet50,dog4-bird1,dog4,bird1,dog4-cat3,bear5-bird1,dot,542.378662109375,650.9498291015625,0,1
resnet50,dog4-bird1,dog4,bird1,dog4-cat3,boat2-bird1,dot,542.378662109375,660.6861572265625,0,1
resnet50,dog4-bird1,dog4,bird1,dog4-cat3,boat4-bird1,dot,542.378662109375,608.0833740234375,0,1
resnet50,dog4-bird1,dog4,bird1,dog4-cat3,boat9-bird1,dot,542.378662109375,637.9566040039062,0,1
resnet50,dog4-bird1,dog4,bird1,dog4-cat3,oven6-bird1,dot,542.378662109375,693.4493408203125,0,1
resnet50,dog4-bird1,dog4,bird1,dog4-cat3,oven5-bird1,dot,542.378662109375,778.5761108398438,0,1
resnet50,dog4-bird1,dog4,bird1,dog4-cat3,chair5-bird1,dot,542.378662109375,751.7546997070312,0,1
resnet50,dog4-bird1,dog4,bird1,dog4-cat3,chair7-bird1,dot,542.378662109375,720.6068115234375,0,1
resnet50,dog4-bird1,dog4,bird1,dog4-cat3,truck1-bird1,dot,542.378662109375,650.7127685546875,0,1
resnet50,dog4-bird1,dog4,bird1,dog4-cat3,airplane8-bird1,dot,542.378662109375,662.9744262695312,0,1
resnet50,dog4-bird1,dog4,bird1,dog4-cat3,bicycle3-bird1,dot,542.378662109375,601.1544189453125,0,1
resnet50,dog4-bird1,dog4,bird1,dog4-cat3,bicycle1-bird1,dot,542.378662109375,580.3006591796875,0,1
resnet50,dog4-bird1,dog4,bird1,dog4-cat3,bottle3-bird1,dot,542.378662109375,748.2640991210938,0,1
resnet50,dog4-bird1,dog4,bird1,dog4-cat3,bottle8-bird1,dot,542.378662109375,629.533447265625,0,1
resnet50,dog4-bird1,dog4,bird1,dog4-cat3,bottle6-bird1,dot,542.378662109375,728.9015502929688,0,1
resnet50,dog4-bird1,dog4,bird1,dog4-cat3,keyboard9-bird1,dot,542.378662109375,762.285888671875,0,1
resnet50,dog4-bird1,dog4,bird1,dog4-cat3,keyboard4-bird1,dot,542.378662109375,738.214599609375,0,1
resnet50,dog4-bird1,dog4,bird1,dog4-cat3,clock3-bird1,dot,542.378662109375,514.5362548828125,1,0
resnet50,dog4-bird1,dog4,bird1,dog4-cat3,knife6-bird1,dot,542.378662109375,589.2447509765625,0,1
resnet50,dog4-bird1,dog4,bird1,dog4-cat3,knife9-bird1,dot,542.378662109375,638.44677734375,0,1
resnet50,dog4-bird1,dog4,bird1,dog4-cat3,knife2-bird1,dot,542.378662109375,718.82470703125,0,1
resnet50,dog4-bird1,dog4,bird1,dog4-cat3,elephant6-bird1,dot,542.378662109375,569.963134765625,0,1
resnet50,dog4-bird1,dog4,bird1,dog4-cat3,elephant7-bird1,dot,542.378662109375,732.701904296875,0,1
resnet50,dog4-bird1,dog4,bird1,dog4-cat3,elephant4-bird1,dot,542.378662109375,714.4249267578125,0,1
resnet50,dog4-bird1,dog4,bird1,dog4-cat3,elephant2-bird1,dot,542.378662109375,798.210693359375,0,1
resnet50,dog4-bird1,dog4,bird1,dog4-elephant2,cat1-bird1,dot,530.509521484375,742.7933349609375,0,1
resnet50,dog4-bird1,dog4,bird1,dog4-elephant2,car9-bird1,dot,530.509521484375,712.5535278320312,0,1
resnet50,dog4-bird1,dog4,bird1,dog4-elephant2,car4-bird1,dot,530.509521484375,689.8685302734375,0,1
resnet50,dog4-bird1,dog4,bird1,dog4-elephant2,dog1-bird1,dot,530.509521484375,755.64892578125,0,1
resnet50,dog4-bird1,dog4,bird1,dog4-elephant2,dog6-bird1,dot,530.509521484375,788.2471923828125,0,1
resnet50,dog4-bird1,dog4,bird1,dog4-elephant2,bear5-bird1,dot,530.509521484375,650.9498291015625,0,1
resnet50,dog4-bird1,dog4,bird1,dog4-elephant2,boat2-bird1,dot,530.509521484375,660.6861572265625,0,1
resnet50,dog4-bird1,dog4,bird1,dog4-elephant2,boat4-bird1,dot,530.509521484375,608.0833740234375,0,1
resnet50,dog4-bird1,dog4,bird1,dog4-elephant2,boat9-bird1,dot,530.509521484375,637.9566040039062,0,1
resnet50,dog4-bird1,dog4,bird1,dog4-elephant2,oven6-bird1,dot,530.509521484375,693.4493408203125,0,1
resnet50,dog4-bird1,dog4,bird1,dog4-elephant2,oven5-bird1,dot,530.509521484375,778.5761108398438,0,1
resnet50,dog4-bird1,dog4,bird1,dog4-elephant2,chair5-bird1,dot,530.509521484375,751.7546997070312,0,1
resnet50,dog4-bird1,dog4,bird1,dog4-elephant2,chair7-bird1,dot,530.509521484375,720.6068115234375,0,1
resnet50,dog4-bird1,dog4,bird1,dog4-elephant2,truck1-bird1,dot,530.509521484375,650.7127685546875,0,1
resnet50,dog4-bird1,dog4,bird1,dog4-elephant2,airplane8-bird1,dot,530.509521484375,662.9744262695312,0,1
resnet50,dog4-bird1,dog4,bird1,dog4-elephant2,bicycle3-bird1,dot,530.509521484375,601.1544189453125,0,1
resnet50,dog4-bird1,dog4,bird1,dog4-elephant2,bicycle1-bird1,dot,530.509521484375,580.3006591796875,0,1
resnet50,dog4-bird1,dog4,bird1,dog4-elephant2,bottle3-bird1,dot,530.509521484375,748.2640991210938,0,1
resnet50,dog4-bird1,dog4,bird1,dog4-elephant2,bottle8-bird1,dot,530.509521484375,629.533447265625,0,1
resnet50,dog4-bird1,dog4,bird1,dog4-elephant2,bottle6-bird1,dot,530.509521484375,728.9015502929688,0,1
resnet50,dog4-bird1,dog4,bird1,dog4-elephant2,keyboard9-bird1,dot,530.509521484375,762.285888671875,0,1
resnet50,dog4-bird1,dog4,bird1,dog4-elephant2,keyboard4-bird1,dot,530.509521484375,738.214599609375,0,1
resnet50,dog4-bird1,dog4,bird1,dog4-elephant2,clock3-bird1,dot,530.509521484375,514.5362548828125,1,0
resnet50,dog4-bird1,dog4,bird1,dog4-elephant2,knife6-bird1,dot,530.509521484375,589.2447509765625,0,1
resnet50,dog4-bird1,dog4,bird1,dog4-elephant2,knife9-bird1,dot,530.509521484375,638.44677734375,0,1
resnet50,dog4-bird1,dog4,bird1,dog4-elephant2,knife2-bird1,dot,530.509521484375,718.82470703125,0,1
resnet50,dog4-bird1,dog4,bird1,dog4-elephant2,elephant6-bird1,dot,530.509521484375,569.963134765625,0,1
resnet50,dog4-bird1,dog4,bird1,dog4-elephant2,elephant7-bird1,dot,530.509521484375,732.701904296875,0,1
resnet50,dog4-bird1,dog4,bird1,dog4-elephant2,elephant4-bird1,dot,530.509521484375,714.4249267578125,0,1
resnet50,dog4-bird1,dog4,bird1,dog4-elephant2,elephant2-bird1,dot,530.509521484375,798.210693359375,0,1
resnet50,dog4-bird1,dog4,bird1,dog4-chair1,cat1-bird1,dot,578.28759765625,742.7933349609375,0,1
resnet50,dog4-bird1,dog4,bird1,dog4-chair1,car9-bird1,dot,578.28759765625,712.5535278320312,0,1
resnet50,dog4-bird1,dog4,bird1,dog4-chair1,car4-bird1,dot,578.28759765625,689.8685302734375,0,1
resnet50,dog4-bird1,dog4,bird1,dog4-chair1,dog1-bird1,dot,578.28759765625,755.64892578125,0,1
resnet50,dog4-bird1,dog4,bird1,dog4-chair1,dog6-bird1,dot,578.28759765625,788.2471923828125,0,1
resnet50,dog4-bird1,dog4,bird1,dog4-chair1,bear5-bird1,dot,578.28759765625,650.9498291015625,0,1
resnet50,dog4-bird1,dog4,bird1,dog4-chair1,boat2-bird1,dot,578.28759765625,660.6861572265625,0,1
resnet50,dog4-bird1,dog4,bird1,dog4-chair1,boat4-bird1,dot,578.28759765625,608.0833740234375,0,1
resnet50,dog4-bird1,dog4,bird1,dog4-chair1,boat9-bird1,dot,578.28759765625,637.9566040039062,0,1
resnet50,dog4-bird1,dog4,bird1,dog4-chair1,oven6-bird1,dot,578.28759765625,693.4493408203125,0,1
resnet50,dog4-bird1,dog4,bird1,dog4-chair1,oven5-bird1,dot,578.28759765625,778.5761108398438,0,1
resnet50,dog4-bird1,dog4,bird1,dog4-chair1,chair5-bird1,dot,578.28759765625,751.7546997070312,0,1
resnet50,dog4-bird1,dog4,bird1,dog4-chair1,chair7-bird1,dot,578.28759765625,720.6068115234375,0,1
resnet50,dog4-bird1,dog4,bird1,dog4-chair1,truck1-bird1,dot,578.28759765625,650.7127685546875,0,1
resnet50,dog4-bird1,dog4,bird1,dog4-chair1,airplane8-bird1,dot,578.28759765625,662.9744262695312,0,1
resnet50,dog4-bird1,dog4,bird1,dog4-chair1,bicycle3-bird1,dot,578.28759765625,601.1544189453125,0,1
resnet50,dog4-bird1,dog4,bird1,dog4-chair1,bicycle1-bird1,dot,578.28759765625,580.3006591796875,0,1
resnet50,dog4-bird1,dog4,bird1,dog4-chair1,bottle3-bird1,dot,578.28759765625,748.2640991210938,0,1
resnet50,dog4-bird1,dog4,bird1,dog4-chair1,bottle8-bird1,dot,578.28759765625,629.533447265625,0,1
resnet50,dog4-bird1,dog4,bird1,dog4-chair1,bottle6-bird1,dot,578.28759765625,728.9015502929688,0,1
resnet50,dog4-bird1,dog4,bird1,dog4-chair1,keyboard9-bird1,dot,578.28759765625,762.285888671875,0,1
resnet50,dog4-bird1,dog4,bird1,dog4-chair1,keyboard4-bird1,dot,578.28759765625,738.214599609375,0,1
resnet50,dog4-bird1,dog4,bird1,dog4-chair1,clock3-bird1,dot,578.28759765625,514.5362548828125,1,0
resnet50,dog4-bird1,dog4,bird1,dog4-chair1,knife6-bird1,dot,578.28759765625,589.2447509765625,0,1
resnet50,dog4-bird1,dog4,bird1,dog4-chair1,knife9-bird1,dot,578.28759765625,638.44677734375,0,1
resnet50,dog4-bird1,dog4,bird1,dog4-chair1,knife2-bird1,dot,578.28759765625,718.82470703125,0,1
resnet50,dog4-bird1,dog4,bird1,dog4-chair1,elephant6-bird1,dot,578.28759765625,569.963134765625,1,0
resnet50,dog4-bird1,dog4,bird1,dog4-chair1,elephant7-bird1,dot,578.28759765625,732.701904296875,0,1
resnet50,dog4-bird1,dog4,bird1,dog4-chair1,elephant4-bird1,dot,578.28759765625,714.4249267578125,0,1
resnet50,dog4-bird1,dog4,bird1,dog4-chair1,elephant2-bird1,dot,578.28759765625,798.210693359375,0,1
resnet50,dog4-bird1,dog4,bird1,dog4-airplane3,cat1-bird1,dot,597.87841796875,742.7933349609375,0,1
resnet50,dog4-bird1,dog4,bird1,dog4-airplane3,car9-bird1,dot,597.87841796875,712.5535278320312,0,1
resnet50,dog4-bird1,dog4,bird1,dog4-airplane3,car4-bird1,dot,597.87841796875,689.8685302734375,0,1
resnet50,dog4-bird1,dog4,bird1,dog4-airplane3,dog1-bird1,dot,597.87841796875,755.64892578125,0,1
resnet50,dog4-bird1,dog4,bird1,dog4-airplane3,dog6-bird1,dot,597.87841796875,788.2471923828125,0,1
resnet50,dog4-bird1,dog4,bird1,dog4-airplane3,bear5-bird1,dot,597.87841796875,650.9498291015625,0,1
resnet50,dog4-bird1,dog4,bird1,dog4-airplane3,boat2-bird1,dot,597.87841796875,660.6861572265625,0,1
resnet50,dog4-bird1,dog4,bird1,dog4-airplane3,boat4-bird1,dot,597.87841796875,608.0833740234375,0,1
resnet50,dog4-bird1,dog4,bird1,dog4-airplane3,boat9-bird1,dot,597.87841796875,637.9566040039062,0,1
resnet50,dog4-bird1,dog4,bird1,dog4-airplane3,oven6-bird1,dot,597.87841796875,693.4493408203125,0,1
resnet50,dog4-bird1,dog4,bird1,dog4-airplane3,oven5-bird1,dot,597.87841796875,778.5761108398438,0,1
resnet50,dog4-bird1,dog4,bird1,dog4-airplane3,chair5-bird1,dot,597.87841796875,751.7546997070312,0,1
resnet50,dog4-bird1,dog4,bird1,dog4-airplane3,chair7-bird1,dot,597.87841796875,720.6068115234375,0,1
resnet50,dog4-bird1,dog4,bird1,dog4-airplane3,truck1-bird1,dot,597.87841796875,650.7127685546875,0,1
resnet50,dog4-bird1,dog4,bird1,dog4-airplane3,airplane8-bird1,dot,597.87841796875,662.9744262695312,0,1
resnet50,dog4-bird1,dog4,bird1,dog4-airplane3,bicycle3-bird1,dot,597.87841796875,601.1544189453125,0,1
resnet50,dog4-bird1,dog4,bird1,dog4-airplane3,bicycle1-bird1,dot,597.87841796875,580.3006591796875,1,0
resnet50,dog4-bird1,dog4,bird1,dog4-airplane3,bottle3-bird1,dot,597.87841796875,748.2640991210938,0,1
resnet50,dog4-bird1,dog4,bird1,dog4-airplane3,bottle8-bird1,dot,597.87841796875,629.533447265625,0,1
resnet50,dog4-bird1,dog4,bird1,dog4-airplane3,bottle6-bird1,dot,597.87841796875,728.9015502929688,0,1
resnet50,dog4-bird1,dog4,bird1,dog4-airplane3,keyboard9-bird1,dot,597.87841796875,762.285888671875,0,1
resnet50,dog4-bird1,dog4,bird1,dog4-airplane3,keyboard4-bird1,dot,597.87841796875,738.214599609375,0,1
resnet50,dog4-bird1,dog4,bird1,dog4-airplane3,clock3-bird1,dot,597.87841796875,514.5362548828125,1,0
resnet50,dog4-bird1,dog4,bird1,dog4-airplane3,knife6-bird1,dot,597.87841796875,589.2447509765625,1,0
resnet50,dog4-bird1,dog4,bird1,dog4-airplane3,knife9-bird1,dot,597.87841796875,638.44677734375,0,1
resnet50,dog4-bird1,dog4,bird1,dog4-airplane3,knife2-bird1,dot,597.87841796875,718.82470703125,0,1
resnet50,dog4-bird1,dog4,bird1,dog4-airplane3,elephant6-bird1,dot,597.87841796875,569.963134765625,1,0
resnet50,dog4-bird1,dog4,bird1,dog4-airplane3,elephant7-bird1,dot,597.87841796875,732.701904296875,0,1
resnet50,dog4-bird1,dog4,bird1,dog4-airplane3,elephant4-bird1,dot,597.87841796875,714.4249267578125,0,1
resnet50,dog4-bird1,dog4,bird1,dog4-airplane3,elephant2-bird1,dot,597.87841796875,798.210693359375,0,1
resnet50,dog4-bird1,dog4,bird1,dog4-clock1,cat1-bird1,dot,507.0572509765625,742.7933349609375,0,1
resnet50,dog4-bird1,dog4,bird1,dog4-clock1,car9-bird1,dot,507.0572509765625,712.5535278320312,0,1
resnet50,dog4-bird1,dog4,bird1,dog4-clock1,car4-bird1,dot,507.0572509765625,689.8685302734375,0,1
resnet50,dog4-bird1,dog4,bird1,dog4-clock1,dog1-bird1,dot,507.0572509765625,755.64892578125,0,1
resnet50,dog4-bird1,dog4,bird1,dog4-clock1,dog6-bird1,dot,507.0572509765625,788.2471923828125,0,1
resnet50,dog4-bird1,dog4,bird1,dog4-clock1,bear5-bird1,dot,507.0572509765625,650.9498291015625,0,1
resnet50,dog4-bird1,dog4,bird1,dog4-clock1,boat2-bird1,dot,507.0572509765625,660.6861572265625,0,1
resnet50,dog4-bird1,dog4,bird1,dog4-clock1,boat4-bird1,dot,507.0572509765625,608.0833740234375,0,1
resnet50,dog4-bird1,dog4,bird1,dog4-clock1,boat9-bird1,dot,507.0572509765625,637.9566040039062,0,1
resnet50,dog4-bird1,dog4,bird1,dog4-clock1,oven6-bird1,dot,507.0572509765625,693.4493408203125,0,1
resnet50,dog4-bird1,dog4,bird1,dog4-clock1,oven5-bird1,dot,507.0572509765625,778.5761108398438,0,1
resnet50,dog4-bird1,dog4,bird1,dog4-clock1,chair5-bird1,dot,507.0572509765625,751.7546997070312,0,1
resnet50,dog4-bird1,dog4,bird1,dog4-clock1,chair7-bird1,dot,507.0572509765625,720.6068115234375,0,1
resnet50,dog4-bird1,dog4,bird1,dog4-clock1,truck1-bird1,dot,507.0572509765625,650.7127685546875,0,1
resnet50,dog4-bird1,dog4,bird1,dog4-clock1,airplane8-bird1,dot,507.0572509765625,662.9744262695312,0,1
resnet50,dog4-bird1,dog4,bird1,dog4-clock1,bicycle3-bird1,dot,507.0572509765625,601.1544189453125,0,1
resnet50,dog4-bird1,dog4,bird1,dog4-clock1,bicycle1-bird1,dot,507.0572509765625,580.3006591796875,0,1
resnet50,dog4-bird1,dog4,bird1,dog4-clock1,bottle3-bird1,dot,507.0572509765625,748.2640991210938,0,1
resnet50,dog4-bird1,dog4,bird1,dog4-clock1,bottle8-bird1,dot,507.0572509765625,629.533447265625,0,1
resnet50,dog4-bird1,dog4,bird1,dog4-clock1,bottle6-bird1,dot,507.0572509765625,728.9015502929688,0,1
resnet50,dog4-bird1,dog4,bird1,dog4-clock1,keyboard9-bird1,dot,507.0572509765625,762.285888671875,0,1
resnet50,dog4-bird1,dog4,bird1,dog4-clock1,keyboard4-bird1,dot,507.0572509765625,738.214599609375,0,1
resnet50,dog4-bird1,dog4,bird1,dog4-clock1,clock3-bird1,dot,507.0572509765625,514.5362548828125,0,1
resnet50,dog4-bird1,dog4,bird1,dog4-clock1,knife6-bird1,dot,507.0572509765625,589.2447509765625,0,1
resnet50,dog4-bird1,dog4,bird1,dog4-clock1,knife9-bird1,dot,507.0572509765625,638.44677734375,0,1
resnet50,dog4-bird1,dog4,bird1,dog4-clock1,knife2-bird1,dot,507.0572509765625,718.82470703125,0,1
resnet50,dog4-bird1,dog4,bird1,dog4-clock1,elephant6-bird1,dot,507.0572509765625,569.963134765625,0,1
resnet50,dog4-bird1,dog4,bird1,dog4-clock1,elephant7-bird1,dot,507.0572509765625,732.701904296875,0,1
resnet50,dog4-bird1,dog4,bird1,dog4-clock1,elephant4-bird1,dot,507.0572509765625,714.4249267578125,0,1
resnet50,dog4-bird1,dog4,bird1,dog4-clock1,elephant2-bird1,dot,507.0572509765625,798.210693359375,0,1
resnet50,dog4-bird1,dog4,bird1,dog4-bottle2,cat1-bird1,dot,585.862548828125,742.7933349609375,0,1
resnet50,dog4-bird1,dog4,bird1,dog4-bottle2,car9-bird1,dot,585.862548828125,712.5535278320312,0,1
resnet50,dog4-bird1,dog4,bird1,dog4-bottle2,car4-bird1,dot,585.862548828125,689.8685302734375,0,1
resnet50,dog4-bird1,dog4,bird1,dog4-bottle2,dog1-bird1,dot,585.862548828125,755.64892578125,0,1
resnet50,dog4-bird1,dog4,bird1,dog4-bottle2,dog6-bird1,dot,585.862548828125,788.2471923828125,0,1
resnet50,dog4-bird1,dog4,bird1,dog4-bottle2,bear5-bird1,dot,585.862548828125,650.9498291015625,0,1
resnet50,dog4-bird1,dog4,bird1,dog4-bottle2,boat2-bird1,dot,585.862548828125,660.6861572265625,0,1
resnet50,dog4-bird1,dog4,bird1,dog4-bottle2,boat4-bird1,dot,585.862548828125,608.0833740234375,0,1
resnet50,dog4-bird1,dog4,bird1,dog4-bottle2,boat9-bird1,dot,585.862548828125,637.9566040039062,0,1
resnet50,dog4-bird1,dog4,bird1,dog4-bottle2,oven6-bird1,dot,585.862548828125,693.4493408203125,0,1
resnet50,dog4-bird1,dog4,bird1,dog4-bottle2,oven5-bird1,dot,585.862548828125,778.5761108398438,0,1
resnet50,dog4-bird1,dog4,bird1,dog4-bottle2,chair5-bird1,dot,585.862548828125,751.7546997070312,0,1
resnet50,dog4-bird1,dog4,bird1,dog4-bottle2,chair7-bird1,dot,585.862548828125,720.6068115234375,0,1
resnet50,dog4-bird1,dog4,bird1,dog4-bottle2,truck1-bird1,dot,585.862548828125,650.7127685546875,0,1
resnet50,dog4-bird1,dog4,bird1,dog4-bottle2,airplane8-bird1,dot,585.862548828125,662.9744262695312,0,1
resnet50,dog4-bird1,dog4,bird1,dog4-bottle2,bicycle3-bird1,dot,585.862548828125,601.1544189453125,0,1
resnet50,dog4-bird1,dog4,bird1,dog4-bottle2,bicycle1-bird1,dot,585.862548828125,580.3006591796875,1,0
resnet50,dog4-bird1,dog4,bird1,dog4-bottle2,bottle3-bird1,dot,585.862548828125,748.2640991210938,0,1
resnet50,dog4-bird1,dog4,bird1,dog4-bottle2,bottle8-bird1,dot,585.862548828125,629.533447265625,0,1
resnet50,dog4-bird1,dog4,bird1,dog4-bottle2,bottle6-bird1,dot,585.862548828125,728.9015502929688,0,1
resnet50,dog4-bird1,dog4,bird1,dog4-bottle2,keyboard9-bird1,dot,585.862548828125,762.285888671875,0,1
resnet50,dog4-bird1,dog4,bird1,dog4-bottle2,keyboard4-bird1,dot,585.862548828125,738.214599609375,0,1
resnet50,dog4-bird1,dog4,bird1,dog4-bottle2,clock3-bird1,dot,585.862548828125,514.5362548828125,1,0
resnet50,dog4-bird1,dog4,bird1,dog4-bottle2,knife6-bird1,dot,585.862548828125,589.2447509765625,0,1
resnet50,dog4-bird1,dog4,bird1,dog4-bottle2,knife9-bird1,dot,585.862548828125,638.44677734375,0,1
resnet50,dog4-bird1,dog4,bird1,dog4-bottle2,knife2-bird1,dot,585.862548828125,718.82470703125,0,1
resnet50,dog4-bird1,dog4,bird1,dog4-bottle2,elephant6-bird1,dot,585.862548828125,569.963134765625,1,0
resnet50,dog4-bird1,dog4,bird1,dog4-bottle2,elephant7-bird1,dot,585.862548828125,732.701904296875,0,1
resnet50,dog4-bird1,dog4,bird1,dog4-bottle2,elephant4-bird1,dot,585.862548828125,714.4249267578125,0,1
resnet50,dog4-bird1,dog4,bird1,dog4-bottle2,elephant2-bird1,dot,585.862548828125,798.210693359375,0,1
resnet50,dog4-bird1,dog4,bird1,dog4-truck2,cat1-bird1,dot,624.2453002929688,742.7933349609375,0,1
resnet50,dog4-bird1,dog4,bird1,dog4-truck2,car9-bird1,dot,624.2453002929688,712.5535278320312,0,1
resnet50,dog4-bird1,dog4,bird1,dog4-truck2,car4-bird1,dot,624.2453002929688,689.8685302734375,0,1
resnet50,dog4-bird1,dog4,bird1,dog4-truck2,dog1-bird1,dot,624.2453002929688,755.64892578125,0,1
resnet50,dog4-bird1,dog4,bird1,dog4-truck2,dog6-bird1,dot,624.2453002929688,788.2471923828125,0,1
resnet50,dog4-bird1,dog4,bird1,dog4-truck2,bear5-bird1,dot,624.2453002929688,650.9498291015625,0,1
resnet50,dog4-bird1,dog4,bird1,dog4-truck2,boat2-bird1,dot,624.2453002929688,660.6861572265625,0,1
resnet50,dog4-bird1,dog4,bird1,dog4-truck2,boat4-bird1,dot,624.2453002929688,608.0833740234375,1,0
resnet50,dog4-bird1,dog4,bird1,dog4-truck2,boat9-bird1,dot,624.2453002929688,637.9566040039062,0,1
resnet50,dog4-bird1,dog4,bird1,dog4-truck2,oven6-bird1,dot,624.2453002929688,693.4493408203125,0,1
resnet50,dog4-bird1,dog4,bird1,dog4-truck2,oven5-bird1,dot,624.2453002929688,778.5761108398438,0,1
resnet50,dog4-bird1,dog4,bird1,dog4-truck2,chair5-bird1,dot,624.2453002929688,751.7546997070312,0,1
resnet50,dog4-bird1,dog4,bird1,dog4-truck2,chair7-bird1,dot,624.2453002929688,720.6068115234375,0,1
resnet50,dog4-bird1,dog4,bird1,dog4-truck2,truck1-bird1,dot,624.2453002929688,650.7127685546875,0,1
resnet50,dog4-bird1,dog4,bird1,dog4-truck2,airplane8-bird1,dot,624.2453002929688,662.9744262695312,0,1
resnet50,dog4-bird1,dog4,bird1,dog4-truck2,bicycle3-bird1,dot,624.2453002929688,601.1544189453125,1,0
resnet50,dog4-bird1,dog4,bird1,dog4-truck2,bicycle1-bird1,dot,624.2453002929688,580.3006591796875,1,0
resnet50,dog4-bird1,dog4,bird1,dog4-truck2,bottle3-bird1,dot,624.2453002929688,748.2640991210938,0,1
resnet50,dog4-bird1,dog4,bird1,dog4-truck2,bottle8-bird1,dot,624.2453002929688,629.533447265625,0,1
resnet50,dog4-bird1,dog4,bird1,dog4-truck2,bottle6-bird1,dot,624.2453002929688,728.9015502929688,0,1
resnet50,dog4-bird1,dog4,bird1,dog4-truck2,keyboard9-bird1,dot,624.2453002929688,762.285888671875,0,1
resnet50,dog4-bird1,dog4,bird1,dog4-truck2,keyboard4-bird1,dot,624.2453002929688,738.214599609375,0,1
resnet50,dog4-bird1,dog4,bird1,dog4-truck2,clock3-bird1,dot,624.2453002929688,514.5362548828125,1,0
resnet50,dog4-bird1,dog4,bird1,dog4-truck2,knife6-bird1,dot,624.2453002929688,589.2447509765625,1,0
resnet50,dog4-bird1,dog4,bird1,dog4-truck2,knife9-bird1,dot,624.2453002929688,638.44677734375,0,1
resnet50,dog4-bird1,dog4,bird1,dog4-truck2,knife2-bird1,dot,624.2453002929688,718.82470703125,0,1
resnet50,dog4-bird1,dog4,bird1,dog4-truck2,elephant6-bird1,dot,624.2453002929688,569.963134765625,1,0
resnet50,dog4-bird1,dog4,bird1,dog4-truck2,elephant7-bird1,dot,624.2453002929688,732.701904296875,0,1
resnet50,dog4-bird1,dog4,bird1,dog4-truck2,elephant4-bird1,dot,624.2453002929688,714.4249267578125,0,1
resnet50,dog4-bird1,dog4,bird1,dog4-truck2,elephant2-bird1,dot,624.2453002929688,798.210693359375,0,1
resnet50,dog4-bird1,dog4,bird1,dog4-keyboard2,cat1-bird1,dot,659.4439086914062,742.7933349609375,0,1
resnet50,dog4-bird1,dog4,bird1,dog4-keyboard2,car9-bird1,dot,659.4439086914062,712.5535278320312,0,1
resnet50,dog4-bird1,dog4,bird1,dog4-keyboard2,car4-bird1,dot,659.4439086914062,689.8685302734375,0,1
resnet50,dog4-bird1,dog4,bird1,dog4-keyboard2,dog1-bird1,dot,659.4439086914062,755.64892578125,0,1
resnet50,dog4-bird1,dog4,bird1,dog4-keyboard2,dog6-bird1,dot,659.4439086914062,788.2471923828125,0,1
resnet50,dog4-bird1,dog4,bird1,dog4-keyboard2,bear5-bird1,dot,659.4439086914062,650.9498291015625,1,0
resnet50,dog4-bird1,dog4,bird1,dog4-keyboard2,boat2-bird1,dot,659.4439086914062,660.6861572265625,0,1
resnet50,dog4-bird1,dog4,bird1,dog4-keyboard2,boat4-bird1,dot,659.4439086914062,608.0833740234375,1,0
resnet50,dog4-bird1,dog4,bird1,dog4-keyboard2,boat9-bird1,dot,659.4439086914062,637.9566040039062,1,0
resnet50,dog4-bird1,dog4,bird1,dog4-keyboard2,oven6-bird1,dot,659.4439086914062,693.4493408203125,0,1
resnet50,dog4-bird1,dog4,bird1,dog4-keyboard2,oven5-bird1,dot,659.4439086914062,778.5761108398438,0,1
resnet50,dog4-bird1,dog4,bird1,dog4-keyboard2,chair5-bird1,dot,659.4439086914062,751.7546997070312,0,1
resnet50,dog4-bird1,dog4,bird1,dog4-keyboard2,chair7-bird1,dot,659.4439086914062,720.6068115234375,0,1
resnet50,dog4-bird1,dog4,bird1,dog4-keyboard2,truck1-bird1,dot,659.4439086914062,650.7127685546875,1,0
resnet50,dog4-bird1,dog4,bird1,dog4-keyboard2,airplane8-bird1,dot,659.4439086914062,662.9744262695312,0,1
resnet50,dog4-bird1,dog4,bird1,dog4-keyboard2,bicycle3-bird1,dot,659.4439086914062,601.1544189453125,1,0
resnet50,dog4-bird1,dog4,bird1,dog4-keyboard2,bicycle1-bird1,dot,659.4439086914062,580.3006591796875,1,0
resnet50,dog4-bird1,dog4,bird1,dog4-keyboard2,bottle3-bird1,dot,659.4439086914062,748.2640991210938,0,1
resnet50,dog4-bird1,dog4,bird1,dog4-keyboard2,bottle8-bird1,dot,659.4439086914062,629.533447265625,1,0
resnet50,dog4-bird1,dog4,bird1,dog4-keyboard2,bottle6-bird1,dot,659.4439086914062,728.9015502929688,0,1
resnet50,dog4-bird1,dog4,bird1,dog4-keyboard2,keyboard9-bird1,dot,659.4439086914062,762.285888671875,0,1
resnet50,dog4-bird1,dog4,bird1,dog4-keyboard2,keyboard4-bird1,dot,659.4439086914062,738.214599609375,0,1
resnet50,dog4-bird1,dog4,bird1,dog4-keyboard2,clock3-bird1,dot,659.4439086914062,514.5362548828125,1,0
resnet50,dog4-bird1,dog4,bird1,dog4-keyboard2,knife6-bird1,dot,659.4439086914062,589.2447509765625,1,0
resnet50,dog4-bird1,dog4,bird1,dog4-keyboard2,knife9-bird1,dot,659.4439086914062,638.44677734375,1,0
resnet50,dog4-bird1,dog4,bird1,dog4-keyboard2,knife2-bird1,dot,659.4439086914062,718.82470703125,0,1
resnet50,dog4-bird1,dog4,bird1,dog4-keyboard2,elephant6-bird1,dot,659.4439086914062,569.963134765625,1,0
resnet50,dog4-bird1,dog4,bird1,dog4-keyboard2,elephant7-bird1,dot,659.4439086914062,732.701904296875,0,1
resnet50,dog4-bird1,dog4,bird1,dog4-keyboard2,elephant4-bird1,dot,659.4439086914062,714.4249267578125,0,1
resnet50,dog4-bird1,dog4,bird1,dog4-keyboard2,elephant2-bird1,dot,659.4439086914062,798.210693359375,0,1
resnet50,dog4-bird1,dog4,bird1,dog4-oven1,cat1-bird1,dot,609.795166015625,742.7933349609375,0,1
resnet50,dog4-bird1,dog4,bird1,dog4-oven1,car9-bird1,dot,609.795166015625,712.5535278320312,0,1
resnet50,dog4-bird1,dog4,bird1,dog4-oven1,car4-bird1,dot,609.795166015625,689.8685302734375,0,1
resnet50,dog4-bird1,dog4,bird1,dog4-oven1,dog1-bird1,dot,609.795166015625,755.64892578125,0,1
resnet50,dog4-bird1,dog4,bird1,dog4-oven1,dog6-bird1,dot,609.795166015625,788.2471923828125,0,1
resnet50,dog4-bird1,dog4,bird1,dog4-oven1,bear5-bird1,dot,609.795166015625,650.9498291015625,0,1
resnet50,dog4-bird1,dog4,bird1,dog4-oven1,boat2-bird1,dot,609.795166015625,660.6861572265625,0,1
resnet50,dog4-bird1,dog4,bird1,dog4-oven1,boat4-bird1,dot,609.795166015625,608.0833740234375,1,0
resnet50,dog4-bird1,dog4,bird1,dog4-oven1,boat9-bird1,dot,609.795166015625,637.9566040039062,0,1
resnet50,dog4-bird1,dog4,bird1,dog4-oven1,oven6-bird1,dot,609.795166015625,693.4493408203125,0,1
resnet50,dog4-bird1,dog4,bird1,dog4-oven1,oven5-bird1,dot,609.795166015625,778.5761108398438,0,1
resnet50,dog4-bird1,dog4,bird1,dog4-oven1,chair5-bird1,dot,609.795166015625,751.7546997070312,0,1
resnet50,dog4-bird1,dog4,bird1,dog4-oven1,chair7-bird1,dot,609.795166015625,720.6068115234375,0,1
resnet50,dog4-bird1,dog4,bird1,dog4-oven1,truck1-bird1,dot,609.795166015625,650.7127685546875,0,1
resnet50,dog4-bird1,dog4,bird1,dog4-oven1,airplane8-bird1,dot,609.795166015625,662.9744262695312,0,1
resnet50,dog4-bird1,dog4,bird1,dog4-oven1,bicycle3-bird1,dot,609.795166015625,601.1544189453125,1,0
resnet50,dog4-bird1,dog4,bird1,dog4-oven1,bicycle1-bird1,dot,609.795166015625,580.3006591796875,1,0
resnet50,dog4-bird1,dog4,bird1,dog4-oven1,bottle3-bird1,dot,609.795166015625,748.2640991210938,0,1
resnet50,dog4-bird1,dog4,bird1,dog4-oven1,bottle8-bird1,dot,609.795166015625,629.533447265625,0,1
resnet50,dog4-bird1,dog4,bird1,dog4-oven1,bottle6-bird1,dot,609.795166015625,728.9015502929688,0,1
resnet50,dog4-bird1,dog4,bird1,dog4-oven1,keyboard9-bird1,dot,609.795166015625,762.285888671875,0,1
resnet50,dog4-bird1,dog4,bird1,dog4-oven1,keyboard4-bird1,dot,609.795166015625,738.214599609375,0,1
resnet50,dog4-bird1,dog4,bird1,dog4-oven1,clock3-bird1,dot,609.795166015625,514.5362548828125,1,0
resnet50,dog4-bird1,dog4,bird1,dog4-oven1,knife6-bird1,dot,609.795166015625,589.2447509765625,1,0
resnet50,dog4-bird1,dog4,bird1,dog4-oven1,knife9-bird1,dot,609.795166015625,638.44677734375,0,1
resnet50,dog4-bird1,dog4,bird1,dog4-oven1,knife2-bird1,dot,609.795166015625,718.82470703125,0,1
resnet50,dog4-bird1,dog4,bird1,dog4-oven1,elephant6-bird1,dot,609.795166015625,569.963134765625,1,0
resnet50,dog4-bird1,dog4,bird1,dog4-oven1,elephant7-bird1,dot,609.795166015625,732.701904296875,0,1
resnet50,dog4-bird1,dog4,bird1,dog4-oven1,elephant4-bird1,dot,609.795166015625,714.4249267578125,0,1
resnet50,dog4-bird1,dog4,bird1,dog4-oven1,elephant2-bird1,dot,609.795166015625,798.210693359375,0,1
resnet50,dog4-bird1,dog4,bird1,dog4-bicycle1,cat1-bird1,cos,0.5895205736160278,0.8665124773979187,0,1
resnet50,dog4-bird1,dog4,bird1,dog4-bicycle1,car9-bird1,cos,0.5895205736160278,0.8131371736526489,0,1
resnet50,dog4-bird1,dog4,bird1,dog4-bicycle1,car4-bird1,cos,0.5895205736160278,0.8175783753395081,0,1
resnet50,dog4-bird1,dog4,bird1,dog4-bicycle1,dog1-bird1,cos,0.5895205736160278,0.7803637981414795,0,1
resnet50,dog4-bird1,dog4,bird1,dog4-bicycle1,dog6-bird1,cos,0.5895205736160278,0.8739675879478455,0,1
resnet50,dog4-bird1,dog4,bird1,dog4-bicycle1,bear5-bird1,cos,0.5895205736160278,0.7992278933525085,0,1
resnet50,dog4-bird1,dog4,bird1,dog4-bicycle1,boat2-bird1,cos,0.5895205736160278,0.8465794920921326,0,1
resnet50,dog4-bird1,dog4,bird1,dog4-bicycle1,boat4-bird1,cos,0.5895205736160278,0.8468008041381836,0,1
resnet50,dog4-bird1,dog4,bird1,dog4-bicycle1,boat9-bird1,cos,0.5895205736160278,0.6992447376251221,0,1
resnet50,dog4-bird1,dog4,bird1,dog4-bicycle1,oven6-bird1,cos,0.5895205736160278,0.822601318359375,0,1
resnet50,dog4-bird1,dog4,bird1,dog4-bicycle1,oven5-bird1,cos,0.5895205736160278,0.7914196252822876,0,1
resnet50,dog4-bird1,dog4,bird1,dog4-bicycle1,chair5-bird1,cos,0.5895205736160278,0.7708792090415955,0,1
resnet50,dog4-bird1,dog4,bird1,dog4-bicycle1,chair7-bird1,cos,0.5895205736160278,0.7360765337944031,0,1
resnet50,dog4-bird1,dog4,bird1,dog4-bicycle1,truck1-bird1,cos,0.5895205736160278,0.7672345638275146,0,1
resnet50,dog4-bird1,dog4,bird1,dog4-bicycle1,airplane8-bird1,cos,0.5895205736160278,0.833058774471283,0,1
resnet50,dog4-bird1,dog4,bird1,dog4-bicycle1,bicycle3-bird1,cos,0.5895205736160278,0.6336379647254944,0,1
resnet50,dog4-bird1,dog4,bird1,dog4-bicycle1,bicycle1-bird1,cos,0.5895205736160278,0.6002494096755981,0,1
resnet50,dog4-bird1,dog4,bird1,dog4-bicycle1,bottle3-bird1,cos,0.5895205736160278,0.8537644147872925,0,1
resnet50,dog4-bird1,dog4,bird1,dog4-bicycle1,bottle8-bird1,cos,0.5895205736160278,0.7895634174346924,0,1
resnet50,dog4-bird1,dog4,bird1,dog4-bicycle1,bottle6-bird1,cos,0.5895205736160278,0.8446154594421387,0,1
resnet50,dog4-bird1,dog4,bird1,dog4-bicycle1,keyboard9-bird1,cos,0.5895205736160278,0.8071828484535217,0,1
resnet50,dog4-bird1,dog4,bird1,dog4-bicycle1,keyboard4-bird1,cos,0.5895205736160278,0.7934038639068604,0,1
resnet50,dog4-bird1,dog4,bird1,dog4-bicycle1,clock3-bird1,cos,0.5895205736160278,0.6524588465690613,0,1
resnet50,dog4-bird1,dog4,bird1,dog4-bicycle1,knife6-bird1,cos,0.5895205736160278,0.7092735767364502,0,1
resnet50,dog4-bird1,dog4,bird1,dog4-bicycle1,knife9-bird1,cos,0.5895205736160278,0.7653366923332214,0,1
resnet50,dog4-bird1,dog4,bird1,dog4-bicycle1,knife2-bird1,cos,0.5895205736160278,0.8371047973632812,0,1
resnet50,dog4-bird1,dog4,bird1,dog4-bicycle1,elephant6-bird1,cos,0.5895205736160278,0.7771607041358948,0,1
resnet50,dog4-bird1,dog4,bird1,dog4-bicycle1,elephant7-bird1,cos,0.5895205736160278,0.8200967311859131,0,1
resnet50,dog4-bird1,dog4,bird1,dog4-bicycle1,elephant4-bird1,cos,0.5895205736160278,0.8084317445755005,0,1
resnet50,dog4-bird1,dog4,bird1,dog4-bicycle1,elephant2-bird1,cos,0.5895205736160278,0.8591440916061401,0,1
resnet50,dog4-bird1,dog4,bird1,dog4-cat3,cat1-bird1,cos,0.6397827863693237,0.8665124773979187,0,1
resnet50,dog4-bird1,dog4,bird1,dog4-cat3,car9-bird1,cos,0.6397827863693237,0.8131371736526489,0,1
resnet50,dog4-bird1,dog4,bird1,dog4-cat3,car4-bird1,cos,0.6397827863693237,0.8175783753395081,0,1
resnet50,dog4-bird1,dog4,bird1,dog4-cat3,dog1-bird1,cos,0.6397827863693237,0.7803637981414795,0,1
resnet50,dog4-bird1,dog4,bird1,dog4-cat3,dog6-bird1,cos,0.6397827863693237,0.8739675879478455,0,1
resnet50,dog4-bird1,dog4,bird1,dog4-cat3,bear5-bird1,cos,0.6397827863693237,0.7992278933525085,0,1
resnet50,dog4-bird1,dog4,bird1,dog4-cat3,boat2-bird1,cos,0.6397827863693237,0.8465794920921326,0,1
resnet50,dog4-bird1,dog4,bird1,dog4-cat3,boat4-bird1,cos,0.6397827863693237,0.8468008041381836,0,1
resnet50,dog4-bird1,dog4,bird1,dog4-cat3,boat9-bird1,cos,0.6397827863693237,0.6992447376251221,0,1
resnet50,dog4-bird1,dog4,bird1,dog4-cat3,oven6-bird1,cos,0.6397827863693237,0.822601318359375,0,1
resnet50,dog4-bird1,dog4,bird1,dog4-cat3,oven5-bird1,cos,0.6397827863693237,0.7914196252822876,0,1
resnet50,dog4-bird1,dog4,bird1,dog4-cat3,chair5-bird1,cos,0.6397827863693237,0.7708792090415955,0,1
resnet50,dog4-bird1,dog4,bird1,dog4-cat3,chair7-bird1,cos,0.6397827863693237,0.7360765337944031,0,1
resnet50,dog4-bird1,dog4,bird1,dog4-cat3,truck1-bird1,cos,0.6397827863693237,0.7672345638275146,0,1
resnet50,dog4-bird1,dog4,bird1,dog4-cat3,airplane8-bird1,cos,0.6397827863693237,0.833058774471283,0,1
resnet50,dog4-bird1,dog4,bird1,dog4-cat3,bicycle3-bird1,cos,0.6397827863693237,0.6336379647254944,1,0
resnet50,dog4-bird1,dog4,bird1,dog4-cat3,bicycle1-bird1,cos,0.6397827863693237,0.6002494096755981,1,0
resnet50,dog4-bird1,dog4,bird1,dog4-cat3,bottle3-bird1,cos,0.6397827863693237,0.8537644147872925,0,1
resnet50,dog4-bird1,dog4,bird1,dog4-cat3,bottle8-bird1,cos,0.6397827863693237,0.7895634174346924,0,1
resnet50,dog4-bird1,dog4,bird1,dog4-cat3,bottle6-bird1,cos,0.6397827863693237,0.8446154594421387,0,1
resnet50,dog4-bird1,dog4,bird1,dog4-cat3,keyboard9-bird1,cos,0.6397827863693237,0.8071828484535217,0,1
resnet50,dog4-bird1,dog4,bird1,dog4-cat3,keyboard4-bird1,cos,0.6397827863693237,0.7934038639068604,0,1
resnet50,dog4-bird1,dog4,bird1,dog4-cat3,clock3-bird1,cos,0.6397827863693237,0.6524588465690613,0,1
resnet50,dog4-bird1,dog4,bird1,dog4-cat3,knife6-bird1,cos,0.6397827863693237,0.7092735767364502,0,1
resnet50,dog4-bird1,dog4,bird1,dog4-cat3,knife9-bird1,cos,0.6397827863693237,0.7653366923332214,0,1
resnet50,dog4-bird1,dog4,bird1,dog4-cat3,knife2-bird1,cos,0.6397827863693237,0.8371047973632812,0,1
resnet50,dog4-bird1,dog4,bird1,dog4-cat3,elephant6-bird1,cos,0.6397827863693237,0.7771607041358948,0,1
resnet50,dog4-bird1,dog4,bird1,dog4-cat3,elephant7-bird1,cos,0.6397827863693237,0.8200967311859131,0,1
resnet50,dog4-bird1,dog4,bird1,dog4-cat3,elephant4-bird1,cos,0.6397827863693237,0.8084317445755005,0,1
resnet50,dog4-bird1,dog4,bird1,dog4-cat3,elephant2-bird1,cos,0.6397827863693237,0.8591440916061401,0,1
resnet50,dog4-bird1,dog4,bird1,dog4-elephant2,cat1-bird1,cos,0.5777340531349182,0.8665124773979187,0,1
resnet50,dog4-bird1,dog4,bird1,dog4-elephant2,car9-bird1,cos,0.5777340531349182,0.8131371736526489,0,1
resnet50,dog4-bird1,dog4,bird1,dog4-elephant2,car4-bird1,cos,0.5777340531349182,0.8175783753395081,0,1
resnet50,dog4-bird1,dog4,bird1,dog4-elephant2,dog1-bird1,cos,0.5777340531349182,0.7803637981414795,0,1
resnet50,dog4-bird1,dog4,bird1,dog4-elephant2,dog6-bird1,cos,0.5777340531349182,0.8739675879478455,0,1
resnet50,dog4-bird1,dog4,bird1,dog4-elephant2,bear5-bird1,cos,0.5777340531349182,0.7992278933525085,0,1
resnet50,dog4-bird1,dog4,bird1,dog4-elephant2,boat2-bird1,cos,0.5777340531349182,0.8465794920921326,0,1
resnet50,dog4-bird1,dog4,bird1,dog4-elephant2,boat4-bird1,cos,0.5777340531349182,0.8468008041381836,0,1
resnet50,dog4-bird1,dog4,bird1,dog4-elephant2,boat9-bird1,cos,0.5777340531349182,0.6992447376251221,0,1
resnet50,dog4-bird1,dog4,bird1,dog4-elephant2,oven6-bird1,cos,0.5777340531349182,0.822601318359375,0,1
resnet50,dog4-bird1,dog4,bird1,dog4-elephant2,oven5-bird1,cos,0.5777340531349182,0.7914196252822876,0,1
resnet50,dog4-bird1,dog4,bird1,dog4-elephant2,chair5-bird1,cos,0.5777340531349182,0.7708792090415955,0,1
resnet50,dog4-bird1,dog4,bird1,dog4-elephant2,chair7-bird1,cos,0.5777340531349182,0.7360765337944031,0,1
resnet50,dog4-bird1,dog4,bird1,dog4-elephant2,truck1-bird1,cos,0.5777340531349182,0.7672345638275146,0,1
resnet50,dog4-bird1,dog4,bird1,dog4-elephant2,airplane8-bird1,cos,0.5777340531349182,0.833058774471283,0,1
resnet50,dog4-bird1,dog4,bird1,dog4-elephant2,bicycle3-bird1,cos,0.5777340531349182,0.6336379647254944,0,1
resnet50,dog4-bird1,dog4,bird1,dog4-elephant2,bicycle1-bird1,cos,0.5777340531349182,0.6002494096755981,0,1
resnet50,dog4-bird1,dog4,bird1,dog4-elephant2,bottle3-bird1,cos,0.5777340531349182,0.8537644147872925,0,1
resnet50,dog4-bird1,dog4,bird1,dog4-elephant2,bottle8-bird1,cos,0.5777340531349182,0.7895634174346924,0,1
resnet50,dog4-bird1,dog4,bird1,dog4-elephant2,bottle6-bird1,cos,0.5777340531349182,0.8446154594421387,0,1
resnet50,dog4-bird1,dog4,bird1,dog4-elephant2,keyboard9-bird1,cos,0.5777340531349182,0.8071828484535217,0,1
resnet50,dog4-bird1,dog4,bird1,dog4-elephant2,keyboard4-bird1,cos,0.5777340531349182,0.7934038639068604,0,1
resnet50,dog4-bird1,dog4,bird1,dog4-elephant2,clock3-bird1,cos,0.5777340531349182,0.6524588465690613,0,1
resnet50,dog4-bird1,dog4,bird1,dog4-elephant2,knife6-bird1,cos,0.5777340531349182,0.7092735767364502,0,1
resnet50,dog4-bird1,dog4,bird1,dog4-elephant2,knife9-bird1,cos,0.5777340531349182,0.7653366923332214,0,1
resnet50,dog4-bird1,dog4,bird1,dog4-elephant2,knife2-bird1,cos,0.5777340531349182,0.8371047973632812,0,1
resnet50,dog4-bird1,dog4,bird1,dog4-elephant2,elephant6-bird1,cos,0.5777340531349182,0.7771607041358948,0,1
resnet50,dog4-bird1,dog4,bird1,dog4-elephant2,elephant7-bird1,cos,0.5777340531349182,0.8200967311859131,0,1
resnet50,dog4-bird1,dog4,bird1,dog4-elephant2,elephant4-bird1,cos,0.5777340531349182,0.8084317445755005,0,1
resnet50,dog4-bird1,dog4,bird1,dog4-elephant2,elephant2-bird1,cos,0.5777340531349182,0.8591440916061401,0,1
resnet50,dog4-bird1,dog4,bird1,dog4-chair1,cat1-bird1,cos,0.6617366075515747,0.8665124773979187,0,1
resnet50,dog4-bird1,dog4,bird1,dog4-chair1,car9-bird1,cos,0.6617366075515747,0.8131371736526489,0,1
resnet50,dog4-bird1,dog4,bird1,dog4-chair1,car4-bird1,cos,0.6617366075515747,0.8175783753395081,0,1
resnet50,dog4-bird1,dog4,bird1,dog4-chair1,dog1-bird1,cos,0.6617366075515747,0.7803637981414795,0,1
resnet50,dog4-bird1,dog4,bird1,dog4-chair1,dog6-bird1,cos,0.6617366075515747,0.8739675879478455,0,1
resnet50,dog4-bird1,dog4,bird1,dog4-chair1,bear5-bird1,cos,0.6617366075515747,0.7992278933525085,0,1
resnet50,dog4-bird1,dog4,bird1,dog4-chair1,boat2-bird1,cos,0.6617366075515747,0.8465794920921326,0,1
resnet50,dog4-bird1,dog4,bird1,dog4-chair1,boat4-bird1,cos,0.6617366075515747,0.8468008041381836,0,1
resnet50,dog4-bird1,dog4,bird1,dog4-chair1,boat9-bird1,cos,0.6617366075515747,0.6992447376251221,0,1
resnet50,dog4-bird1,dog4,bird1,dog4-chair1,oven6-bird1,cos,0.6617366075515747,0.822601318359375,0,1
resnet50,dog4-bird1,dog4,bird1,dog4-chair1,oven5-bird1,cos,0.6617366075515747,0.7914196252822876,0,1
resnet50,dog4-bird1,dog4,bird1,dog4-chair1,chair5-bird1,cos,0.6617366075515747,0.7708792090415955,0,1
resnet50,dog4-bird1,dog4,bird1,dog4-chair1,chair7-bird1,cos,0.6617366075515747,0.7360765337944031,0,1
resnet50,dog4-bird1,dog4,bird1,dog4-chair1,truck1-bird1,cos,0.6617366075515747,0.7672345638275146,0,1
resnet50,dog4-bird1,dog4,bird1,dog4-chair1,airplane8-bird1,cos,0.6617366075515747,0.833058774471283,0,1
resnet50,dog4-bird1,dog4,bird1,dog4-chair1,bicycle3-bird1,cos,0.6617366075515747,0.6336379647254944,1,0
resnet50,dog4-bird1,dog4,bird1,dog4-chair1,bicycle1-bird1,cos,0.6617366075515747,0.6002494096755981,1,0
resnet50,dog4-bird1,dog4,bird1,dog4-chair1,bottle3-bird1,cos,0.6617366075515747,0.8537644147872925,0,1
resnet50,dog4-bird1,dog4,bird1,dog4-chair1,bottle8-bird1,cos,0.6617366075515747,0.7895634174346924,0,1
resnet50,dog4-bird1,dog4,bird1,dog4-chair1,bottle6-bird1,cos,0.6617366075515747,0.8446154594421387,0,1
resnet50,dog4-bird1,dog4,bird1,dog4-chair1,keyboard9-bird1,cos,0.6617366075515747,0.8071828484535217,0,1
resnet50,dog4-bird1,dog4,bird1,dog4-chair1,keyboard4-bird1,cos,0.6617366075515747,0.7934038639068604,0,1
resnet50,dog4-bird1,dog4,bird1,dog4-chair1,clock3-bird1,cos,0.6617366075515747,0.6524588465690613,1,0
resnet50,dog4-bird1,dog4,bird1,dog4-chair1,knife6-bird1,cos,0.6617366075515747,0.7092735767364502,0,1
resnet50,dog4-bird1,dog4,bird1,dog4-chair1,knife9-bird1,cos,0.6617366075515747,0.7653366923332214,0,1
resnet50,dog4-bird1,dog4,bird1,dog4-chair1,knife2-bird1,cos,0.6617366075515747,0.8371047973632812,0,1
resnet50,dog4-bird1,dog4,bird1,dog4-chair1,elephant6-bird1,cos,0.6617366075515747,0.7771607041358948,0,1
resnet50,dog4-bird1,dog4,bird1,dog4-chair1,elephant7-bird1,cos,0.6617366075515747,0.8200967311859131,0,1
resnet50,dog4-bird1,dog4,bird1,dog4-chair1,elephant4-bird1,cos,0.6617366075515747,0.8084317445755005,0,1
resnet50,dog4-bird1,dog4,bird1,dog4-chair1,elephant2-bird1,cos,0.6617366075515747,0.8591440916061401,0,1
resnet50,dog4-bird1,dog4,bird1,dog4-airplane3,cat1-bird1,cos,0.7310165166854858,0.8665124773979187,0,1
resnet50,dog4-bird1,dog4,bird1,dog4-airplane3,car9-bird1,cos,0.7310165166854858,0.8131371736526489,0,1
resnet50,dog4-bird1,dog4,bird1,dog4-airplane3,car4-bird1,cos,0.7310165166854858,0.8175783753395081,0,1
resnet50,dog4-bird1,dog4,bird1,dog4-airplane3,dog1-bird1,cos,0.7310165166854858,0.7803637981414795,0,1
resnet50,dog4-bird1,dog4,bird1,dog4-airplane3,dog6-bird1,cos,0.7310165166854858,0.8739675879478455,0,1
resnet50,dog4-bird1,dog4,bird1,dog4-airplane3,bear5-bird1,cos,0.7310165166854858,0.7992278933525085,0,1
resnet50,dog4-bird1,dog4,bird1,dog4-airplane3,boat2-bird1,cos,0.7310165166854858,0.8465794920921326,0,1
resnet50,dog4-bird1,dog4,bird1,dog4-airplane3,boat4-bird1,cos,0.7310165166854858,0.8468008041381836,0,1
resnet50,dog4-bird1,dog4,bird1,dog4-airplane3,boat9-bird1,cos,0.7310165166854858,0.6992447376251221,1,0
resnet50,dog4-bird1,dog4,bird1,dog4-airplane3,oven6-bird1,cos,0.7310165166854858,0.822601318359375,0,1
resnet50,dog4-bird1,dog4,bird1,dog4-airplane3,oven5-bird1,cos,0.7310165166854858,0.7914196252822876,0,1
resnet50,dog4-bird1,dog4,bird1,dog4-airplane3,chair5-bird1,cos,0.7310165166854858,0.7708792090415955,0,1
resnet50,dog4-bird1,dog4,bird1,dog4-airplane3,chair7-bird1,cos,0.7310165166854858,0.7360765337944031,0,1
resnet50,dog4-bird1,dog4,bird1,dog4-airplane3,truck1-bird1,cos,0.7310165166854858,0.7672345638275146,0,1
resnet50,dog4-bird1,dog4,bird1,dog4-airplane3,airplane8-bird1,cos,0.7310165166854858,0.833058774471283,0,1
resnet50,dog4-bird1,dog4,bird1,dog4-airplane3,bicycle3-bird1,cos,0.7310165166854858,0.6336379647254944,1,0
resnet50,dog4-bird1,dog4,bird1,dog4-airplane3,bicycle1-bird1,cos,0.7310165166854858,0.6002494096755981,1,0
resnet50,dog4-bird1,dog4,bird1,dog4-airplane3,bottle3-bird1,cos,0.7310165166854858,0.8537644147872925,0,1
resnet50,dog4-bird1,dog4,bird1,dog4-airplane3,bottle8-bird1,cos,0.7310165166854858,0.7895634174346924,0,1
resnet50,dog4-bird1,dog4,bird1,dog4-airplane3,bottle6-bird1,cos,0.7310165166854858,0.8446154594421387,0,1
resnet50,dog4-bird1,dog4,bird1,dog4-airplane3,keyboard9-bird1,cos,0.7310165166854858,0.8071828484535217,0,1
resnet50,dog4-bird1,dog4,bird1,dog4-airplane3,keyboard4-bird1,cos,0.7310165166854858,0.7934038639068604,0,1
resnet50,dog4-bird1,dog4,bird1,dog4-airplane3,clock3-bird1,cos,0.7310165166854858,0.6524588465690613,1,0
resnet50,dog4-bird1,dog4,bird1,dog4-airplane3,knife6-bird1,cos,0.7310165166854858,0.7092735767364502,1,0
resnet50,dog4-bird1,dog4,bird1,dog4-airplane3,knife9-bird1,cos,0.7310165166854858,0.7653366923332214,0,1
resnet50,dog4-bird1,dog4,bird1,dog4-airplane3,knife2-bird1,cos,0.7310165166854858,0.8371047973632812,0,1
resnet50,dog4-bird1,dog4,bird1,dog4-airplane3,elephant6-bird1,cos,0.7310165166854858,0.7771607041358948,0,1
resnet50,dog4-bird1,dog4,bird1,dog4-airplane3,elephant7-bird1,cos,0.7310165166854858,0.8200967311859131,0,1
resnet50,dog4-bird1,dog4,bird1,dog4-airplane3,elephant4-bird1,cos,0.7310165166854858,0.8084317445755005,0,1
resnet50,dog4-bird1,dog4,bird1,dog4-airplane3,elephant2-bird1,cos,0.7310165166854858,0.8591440916061401,0,1
resnet50,dog4-bird1,dog4,bird1,dog4-clock1,cat1-bird1,cos,0.5872508883476257,0.8665124773979187,0,1
resnet50,dog4-bird1,dog4,bird1,dog4-clock1,car9-bird1,cos,0.5872508883476257,0.8131371736526489,0,1
resnet50,dog4-bird1,dog4,bird1,dog4-clock1,car4-bird1,cos,0.5872508883476257,0.8175783753395081,0,1
resnet50,dog4-bird1,dog4,bird1,dog4-clock1,dog1-bird1,cos,0.5872508883476257,0.7803637981414795,0,1
resnet50,dog4-bird1,dog4,bird1,dog4-clock1,dog6-bird1,cos,0.5872508883476257,0.8739675879478455,0,1
resnet50,dog4-bird1,dog4,bird1,dog4-clock1,bear5-bird1,cos,0.5872508883476257,0.7992278933525085,0,1
resnet50,dog4-bird1,dog4,bird1,dog4-clock1,boat2-bird1,cos,0.5872508883476257,0.8465794920921326,0,1
resnet50,dog4-bird1,dog4,bird1,dog4-clock1,boat4-bird1,cos,0.5872508883476257,0.8468008041381836,0,1
resnet50,dog4-bird1,dog4,bird1,dog4-clock1,boat9-bird1,cos,0.5872508883476257,0.6992447376251221,0,1
resnet50,dog4-bird1,dog4,bird1,dog4-clock1,oven6-bird1,cos,0.5872508883476257,0.822601318359375,0,1
resnet50,dog4-bird1,dog4,bird1,dog4-clock1,oven5-bird1,cos,0.5872508883476257,0.7914196252822876,0,1
resnet50,dog4-bird1,dog4,bird1,dog4-clock1,chair5-bird1,cos,0.5872508883476257,0.7708792090415955,0,1
resnet50,dog4-bird1,dog4,bird1,dog4-clock1,chair7-bird1,cos,0.5872508883476257,0.7360765337944031,0,1
resnet50,dog4-bird1,dog4,bird1,dog4-clock1,truck1-bird1,cos,0.5872508883476257,0.7672345638275146,0,1
resnet50,dog4-bird1,dog4,bird1,dog4-clock1,airplane8-bird1,cos,0.5872508883476257,0.833058774471283,0,1
resnet50,dog4-bird1,dog4,bird1,dog4-clock1,bicycle3-bird1,cos,0.5872508883476257,0.6336379647254944,0,1
resnet50,dog4-bird1,dog4,bird1,dog4-clock1,bicycle1-bird1,cos,0.5872508883476257,0.6002494096755981,0,1
resnet50,dog4-bird1,dog4,bird1,dog4-clock1,bottle3-bird1,cos,0.5872508883476257,0.8537644147872925,0,1
resnet50,dog4-bird1,dog4,bird1,dog4-clock1,bottle8-bird1,cos,0.5872508883476257,0.7895634174346924,0,1
resnet50,dog4-bird1,dog4,bird1,dog4-clock1,bottle6-bird1,cos,0.5872508883476257,0.8446154594421387,0,1
resnet50,dog4-bird1,dog4,bird1,dog4-clock1,keyboard9-bird1,cos,0.5872508883476257,0.8071828484535217,0,1
resnet50,dog4-bird1,dog4,bird1,dog4-clock1,keyboard4-bird1,cos,0.5872508883476257,0.7934038639068604,0,1
resnet50,dog4-bird1,dog4,bird1,dog4-clock1,clock3-bird1,cos,0.5872508883476257,0.6524588465690613,0,1
resnet50,dog4-bird1,dog4,bird1,dog4-clock1,knife6-bird1,cos,0.5872508883476257,0.7092735767364502,0,1
resnet50,dog4-bird1,dog4,bird1,dog4-clock1,knife9-bird1,cos,0.5872508883476257,0.7653366923332214,0,1
resnet50,dog4-bird1,dog4,bird1,dog4-clock1,knife2-bird1,cos,0.5872508883476257,0.8371047973632812,0,1
resnet50,dog4-bird1,dog4,bird1,dog4-clock1,elephant6-bird1,cos,0.5872508883476257,0.7771607041358948,0,1
resnet50,dog4-bird1,dog4,bird1,dog4-clock1,elephant7-bird1,cos,0.5872508883476257,0.8200967311859131,0,1
resnet50,dog4-bird1,dog4,bird1,dog4-clock1,elephant4-bird1,cos,0.5872508883476257,0.8084317445755005,0,1
resnet50,dog4-bird1,dog4,bird1,dog4-clock1,elephant2-bird1,cos,0.5872508883476257,0.8591440916061401,0,1
resnet50,dog4-bird1,dog4,bird1,dog4-bottle2,cat1-bird1,cos,0.5879876017570496,0.8665124773979187,0,1
resnet50,dog4-bird1,dog4,bird1,dog4-bottle2,car9-bird1,cos,0.5879876017570496,0.8131371736526489,0,1
resnet50,dog4-bird1,dog4,bird1,dog4-bottle2,car4-bird1,cos,0.5879876017570496,0.8175783753395081,0,1
resnet50,dog4-bird1,dog4,bird1,dog4-bottle2,dog1-bird1,cos,0.5879876017570496,0.7803637981414795,0,1
resnet50,dog4-bird1,dog4,bird1,dog4-bottle2,dog6-bird1,cos,0.5879876017570496,0.8739675879478455,0,1
resnet50,dog4-bird1,dog4,bird1,dog4-bottle2,bear5-bird1,cos,0.5879876017570496,0.7992278933525085,0,1
resnet50,dog4-bird1,dog4,bird1,dog4-bottle2,boat2-bird1,cos,0.5879876017570496,0.8465794920921326,0,1
resnet50,dog4-bird1,dog4,bird1,dog4-bottle2,boat4-bird1,cos,0.5879876017570496,0.8468008041381836,0,1
resnet50,dog4-bird1,dog4,bird1,dog4-bottle2,boat9-bird1,cos,0.5879876017570496,0.6992447376251221,0,1
resnet50,dog4-bird1,dog4,bird1,dog4-bottle2,oven6-bird1,cos,0.5879876017570496,0.822601318359375,0,1
resnet50,dog4-bird1,dog4,bird1,dog4-bottle2,oven5-bird1,cos,0.5879876017570496,0.7914196252822876,0,1
resnet50,dog4-bird1,dog4,bird1,dog4-bottle2,chair5-bird1,cos,0.5879876017570496,0.7708792090415955,0,1
resnet50,dog4-bird1,dog4,bird1,dog4-bottle2,chair7-bird1,cos,0.5879876017570496,0.7360765337944031,0,1
resnet50,dog4-bird1,dog4,bird1,dog4-bottle2,truck1-bird1,cos,0.5879876017570496,0.7672345638275146,0,1
resnet50,dog4-bird1,dog4,bird1,dog4-bottle2,airplane8-bird1,cos,0.5879876017570496,0.833058774471283,0,1
resnet50,dog4-bird1,dog4,bird1,dog4-bottle2,bicycle3-bird1,cos,0.5879876017570496,0.6336379647254944,0,1
resnet50,dog4-bird1,dog4,bird1,dog4-bottle2,bicycle1-bird1,cos,0.5879876017570496,0.6002494096755981,0,1
resnet50,dog4-bird1,dog4,bird1,dog4-bottle2,bottle3-bird1,cos,0.5879876017570496,0.8537644147872925,0,1
resnet50,dog4-bird1,dog4,bird1,dog4-bottle2,bottle8-bird1,cos,0.5879876017570496,0.7895634174346924,0,1
resnet50,dog4-bird1,dog4,bird1,dog4-bottle2,bottle6-bird1,cos,0.5879876017570496,0.8446154594421387,0,1
resnet50,dog4-bird1,dog4,bird1,dog4-bottle2,keyboard9-bird1,cos,0.5879876017570496,0.8071828484535217,0,1
resnet50,dog4-bird1,dog4,bird1,dog4-bottle2,keyboard4-bird1,cos,0.5879876017570496,0.7934038639068604,0,1
resnet50,dog4-bird1,dog4,bird1,dog4-bottle2,clock3-bird1,cos,0.5879876017570496,0.6524588465690613,0,1
resnet50,dog4-bird1,dog4,bird1,dog4-bottle2,knife6-bird1,cos,0.5879876017570496,0.7092735767364502,0,1
resnet50,dog4-bird1,dog4,bird1,dog4-bottle2,knife9-bird1,cos,0.5879876017570496,0.7653366923332214,0,1
resnet50,dog4-bird1,dog4,bird1,dog4-bottle2,knife2-bird1,cos,0.5879876017570496,0.8371047973632812,0,1
resnet50,dog4-bird1,dog4,bird1,dog4-bottle2,elephant6-bird1,cos,0.5879876017570496,0.7771607041358948,0,1
resnet50,dog4-bird1,dog4,bird1,dog4-bottle2,elephant7-bird1,cos,0.5879876017570496,0.8200967311859131,0,1
resnet50,dog4-bird1,dog4,bird1,dog4-bottle2,elephant4-bird1,cos,0.5879876017570496,0.8084317445755005,0,1
resnet50,dog4-bird1,dog4,bird1,dog4-bottle2,elephant2-bird1,cos,0.5879876017570496,0.8591440916061401,0,1
resnet50,dog4-bird1,dog4,bird1,dog4-truck2,cat1-bird1,cos,0.6793947815895081,0.8665124773979187,0,1
resnet50,dog4-bird1,dog4,bird1,dog4-truck2,car9-bird1,cos,0.6793947815895081,0.8131371736526489,0,1
resnet50,dog4-bird1,dog4,bird1,dog4-truck2,car4-bird1,cos,0.6793947815895081,0.8175783753395081,0,1
resnet50,dog4-bird1,dog4,bird1,dog4-truck2,dog1-bird1,cos,0.6793947815895081,0.7803637981414795,0,1
resnet50,dog4-bird1,dog4,bird1,dog4-truck2,dog6-bird1,cos,0.6793947815895081,0.8739675879478455,0,1
resnet50,dog4-bird1,dog4,bird1,dog4-truck2,bear5-bird1,cos,0.6793947815895081,0.7992278933525085,0,1
resnet50,dog4-bird1,dog4,bird1,dog4-truck2,boat2-bird1,cos,0.6793947815895081,0.8465794920921326,0,1
resnet50,dog4-bird1,dog4,bird1,dog4-truck2,boat4-bird1,cos,0.6793947815895081,0.8468008041381836,0,1
resnet50,dog4-bird1,dog4,bird1,dog4-truck2,boat9-bird1,cos,0.6793947815895081,0.6992447376251221,0,1
resnet50,dog4-bird1,dog4,bird1,dog4-truck2,oven6-bird1,cos,0.6793947815895081,0.822601318359375,0,1
resnet50,dog4-bird1,dog4,bird1,dog4-truck2,oven5-bird1,cos,0.6793947815895081,0.7914196252822876,0,1
resnet50,dog4-bird1,dog4,bird1,dog4-truck2,chair5-bird1,cos,0.6793947815895081,0.7708792090415955,0,1
resnet50,dog4-bird1,dog4,bird1,dog4-truck2,chair7-bird1,cos,0.6793947815895081,0.7360765337944031,0,1
resnet50,dog4-bird1,dog4,bird1,dog4-truck2,truck1-bird1,cos,0.6793947815895081,0.7672345638275146,0,1
resnet50,dog4-bird1,dog4,bird1,dog4-truck2,airplane8-bird1,cos,0.6793947815895081,0.833058774471283,0,1
resnet50,dog4-bird1,dog4,bird1,dog4-truck2,bicycle3-bird1,cos,0.6793947815895081,0.6336379647254944,1,0
resnet50,dog4-bird1,dog4,bird1,dog4-truck2,bicycle1-bird1,cos,0.6793947815895081,0.6002494096755981,1,0
resnet50,dog4-bird1,dog4,bird1,dog4-truck2,bottle3-bird1,cos,0.6793947815895081,0.8537644147872925,0,1
resnet50,dog4-bird1,dog4,bird1,dog4-truck2,bottle8-bird1,cos,0.6793947815895081,0.7895634174346924,0,1
resnet50,dog4-bird1,dog4,bird1,dog4-truck2,bottle6-bird1,cos,0.6793947815895081,0.8446154594421387,0,1
resnet50,dog4-bird1,dog4,bird1,dog4-truck2,keyboard9-bird1,cos,0.6793947815895081,0.8071828484535217,0,1
resnet50,dog4-bird1,dog4,bird1,dog4-truck2,keyboard4-bird1,cos,0.6793947815895081,0.7934038639068604,0,1
resnet50,dog4-bird1,dog4,bird1,dog4-truck2,clock3-bird1,cos,0.6793947815895081,0.6524588465690613,1,0
resnet50,dog4-bird1,dog4,bird1,dog4-truck2,knife6-bird1,cos,0.6793947815895081,0.7092735767364502,0,1
resnet50,dog4-bird1,dog4,bird1,dog4-truck2,knife9-bird1,cos,0.6793947815895081,0.7653366923332214,0,1
resnet50,dog4-bird1,dog4,bird1,dog4-truck2,knife2-bird1,cos,0.6793947815895081,0.8371047973632812,0,1
resnet50,dog4-bird1,dog4,bird1,dog4-truck2,elephant6-bird1,cos,0.6793947815895081,0.7771607041358948,0,1
resnet50,dog4-bird1,dog4,bird1,dog4-truck2,elephant7-bird1,cos,0.6793947815895081,0.8200967311859131,0,1
resnet50,dog4-bird1,dog4,bird1,dog4-truck2,elephant4-bird1,cos,0.6793947815895081,0.8084317445755005,0,1
resnet50,dog4-bird1,dog4,bird1,dog4-truck2,elephant2-bird1,cos,0.6793947815895081,0.8591440916061401,0,1
resnet50,dog4-bird1,dog4,bird1,dog4-keyboard2,cat1-bird1,cos,0.6977202296257019,0.8665124773979187,0,1
resnet50,dog4-bird1,dog4,bird1,dog4-keyboard2,car9-bird1,cos,0.6977202296257019,0.8131371736526489,0,1
resnet50,dog4-bird1,dog4,bird1,dog4-keyboard2,car4-bird1,cos,0.6977202296257019,0.8175783753395081,0,1
resnet50,dog4-bird1,dog4,bird1,dog4-keyboard2,dog1-bird1,cos,0.6977202296257019,0.7803637981414795,0,1
resnet50,dog4-bird1,dog4,bird1,dog4-keyboard2,dog6-bird1,cos,0.6977202296257019,0.8739675879478455,0,1
resnet50,dog4-bird1,dog4,bird1,dog4-keyboard2,bear5-bird1,cos,0.6977202296257019,0.7992278933525085,0,1
resnet50,dog4-bird1,dog4,bird1,dog4-keyboard2,boat2-bird1,cos,0.6977202296257019,0.8465794920921326,0,1
resnet50,dog4-bird1,dog4,bird1,dog4-keyboard2,boat4-bird1,cos,0.6977202296257019,0.8468008041381836,0,1
resnet50,dog4-bird1,dog4,bird1,dog4-keyboard2,boat9-bird1,cos,0.6977202296257019,0.6992447376251221,0,1
resnet50,dog4-bird1,dog4,bird1,dog4-keyboard2,oven6-bird1,cos,0.6977202296257019,0.822601318359375,0,1
resnet50,dog4-bird1,dog4,bird1,dog4-keyboard2,oven5-bird1,cos,0.6977202296257019,0.7914196252822876,0,1
resnet50,dog4-bird1,dog4,bird1,dog4-keyboard2,chair5-bird1,cos,0.6977202296257019,0.7708792090415955,0,1
resnet50,dog4-bird1,dog4,bird1,dog4-keyboard2,chair7-bird1,cos,0.6977202296257019,0.7360765337944031,0,1
resnet50,dog4-bird1,dog4,bird1,dog4-keyboard2,truck1-bird1,cos,0.6977202296257019,0.7672345638275146,0,1
resnet50,dog4-bird1,dog4,bird1,dog4-keyboard2,airplane8-bird1,cos,0.6977202296257019,0.833058774471283,0,1
resnet50,dog4-bird1,dog4,bird1,dog4-keyboard2,bicycle3-bird1,cos,0.6977202296257019,0.6336379647254944,1,0
resnet50,dog4-bird1,dog4,bird1,dog4-keyboard2,bicycle1-bird1,cos,0.6977202296257019,0.6002494096755981,1,0
resnet50,dog4-bird1,dog4,bird1,dog4-keyboard2,bottle3-bird1,cos,0.6977202296257019,0.8537644147872925,0,1
resnet50,dog4-bird1,dog4,bird1,dog4-keyboard2,bottle8-bird1,cos,0.6977202296257019,0.7895634174346924,0,1
resnet50,dog4-bird1,dog4,bird1,dog4-keyboard2,bottle6-bird1,cos,0.6977202296257019,0.8446154594421387,0,1
resnet50,dog4-bird1,dog4,bird1,dog4-keyboard2,keyboard9-bird1,cos,0.6977202296257019,0.8071828484535217,0,1
resnet50,dog4-bird1,dog4,bird1,dog4-keyboard2,keyboard4-bird1,cos,0.6977202296257019,0.7934038639068604,0,1
resnet50,dog4-bird1,dog4,bird1,dog4-keyboard2,clock3-bird1,cos,0.6977202296257019,0.6524588465690613,1,0
resnet50,dog4-bird1,dog4,bird1,dog4-keyboard2,knife6-bird1,cos,0.6977202296257019,0.7092735767364502,0,1
resnet50,dog4-bird1,dog4,bird1,dog4-keyboard2,knife9-bird1,cos,0.6977202296257019,0.7653366923332214,0,1
resnet50,dog4-bird1,dog4,bird1,dog4-keyboard2,knife2-bird1,cos,0.6977202296257019,0.8371047973632812,0,1
resnet50,dog4-bird1,dog4,bird1,dog4-keyboard2,elephant6-bird1,cos,0.6977202296257019,0.7771607041358948,0,1
resnet50,dog4-bird1,dog4,bird1,dog4-keyboard2,elephant7-bird1,cos,0.6977202296257019,0.8200967311859131,0,1
resnet50,dog4-bird1,dog4,bird1,dog4-keyboard2,elephant4-bird1,cos,0.6977202296257019,0.8084317445755005,0,1
resnet50,dog4-bird1,dog4,bird1,dog4-keyboard2,elephant2-bird1,cos,0.6977202296257019,0.8591440916061401,0,1
resnet50,dog4-bird1,dog4,bird1,dog4-oven1,cat1-bird1,cos,0.7504701018333435,0.8665124773979187,0,1
resnet50,dog4-bird1,dog4,bird1,dog4-oven1,car9-bird1,cos,0.7504701018333435,0.8131371736526489,0,1
resnet50,dog4-bird1,dog4,bird1,dog4-oven1,car4-bird1,cos,0.7504701018333435,0.8175783753395081,0,1
resnet50,dog4-bird1,dog4,bird1,dog4-oven1,dog1-bird1,cos,0.7504701018333435,0.7803637981414795,0,1
resnet50,dog4-bird1,dog4,bird1,dog4-oven1,dog6-bird1,cos,0.7504701018333435,0.8739675879478455,0,1
resnet50,dog4-bird1,dog4,bird1,dog4-oven1,bear5-bird1,cos,0.7504701018333435,0.7992278933525085,0,1
resnet50,dog4-bird1,dog4,bird1,dog4-oven1,boat2-bird1,cos,0.7504701018333435,0.8465794920921326,0,1
resnet50,dog4-bird1,dog4,bird1,dog4-oven1,boat4-bird1,cos,0.7504701018333435,0.8468008041381836,0,1
resnet50,dog4-bird1,dog4,bird1,dog4-oven1,boat9-bird1,cos,0.7504701018333435,0.6992447376251221,1,0
resnet50,dog4-bird1,dog4,bird1,dog4-oven1,oven6-bird1,cos,0.7504701018333435,0.822601318359375,0,1
resnet50,dog4-bird1,dog4,bird1,dog4-oven1,oven5-bird1,cos,0.7504701018333435,0.7914196252822876,0,1
resnet50,dog4-bird1,dog4,bird1,dog4-oven1,chair5-bird1,cos,0.7504701018333435,0.7708792090415955,0,1
resnet50,dog4-bird1,dog4,bird1,dog4-oven1,chair7-bird1,cos,0.7504701018333435,0.7360765337944031,1,0
resnet50,dog4-bird1,dog4,bird1,dog4-oven1,truck1-bird1,cos,0.7504701018333435,0.7672345638275146,0,1
resnet50,dog4-bird1,dog4,bird1,dog4-oven1,airplane8-bird1,cos,0.7504701018333435,0.833058774471283,0,1
resnet50,dog4-bird1,dog4,bird1,dog4-oven1,bicycle3-bird1,cos,0.7504701018333435,0.6336379647254944,1,0
resnet50,dog4-bird1,dog4,bird1,dog4-oven1,bicycle1-bird1,cos,0.7504701018333435,0.6002494096755981,1,0
resnet50,dog4-bird1,dog4,bird1,dog4-oven1,bottle3-bird1,cos,0.7504701018333435,0.8537644147872925,0,1
resnet50,dog4-bird1,dog4,bird1,dog4-oven1,bottle8-bird1,cos,0.7504701018333435,0.7895634174346924,0,1
resnet50,dog4-bird1,dog4,bird1,dog4-oven1,bottle6-bird1,cos,0.7504701018333435,0.8446154594421387,0,1
resnet50,dog4-bird1,dog4,bird1,dog4-oven1,keyboard9-bird1,cos,0.7504701018333435,0.8071828484535217,0,1
resnet50,dog4-bird1,dog4,bird1,dog4-oven1,keyboard4-bird1,cos,0.7504701018333435,0.7934038639068604,0,1
resnet50,dog4-bird1,dog4,bird1,dog4-oven1,clock3-bird1,cos,0.7504701018333435,0.6524588465690613,1,0
resnet50,dog4-bird1,dog4,bird1,dog4-oven1,knife6-bird1,cos,0.7504701018333435,0.7092735767364502,1,0
resnet50,dog4-bird1,dog4,bird1,dog4-oven1,knife9-bird1,cos,0.7504701018333435,0.7653366923332214,0,1
resnet50,dog4-bird1,dog4,bird1,dog4-oven1,knife2-bird1,cos,0.7504701018333435,0.8371047973632812,0,1
resnet50,dog4-bird1,dog4,bird1,dog4-oven1,elephant6-bird1,cos,0.7504701018333435,0.7771607041358948,0,1
resnet50,dog4-bird1,dog4,bird1,dog4-oven1,elephant7-bird1,cos,0.7504701018333435,0.8200967311859131,0,1
resnet50,dog4-bird1,dog4,bird1,dog4-oven1,elephant4-bird1,cos,0.7504701018333435,0.8084317445755005,0,1
resnet50,dog4-bird1,dog4,bird1,dog4-oven1,elephant2-bird1,cos,0.7504701018333435,0.8591440916061401,0,1
resnet50,dog4-bird1,dog4,bird1,dog4-bicycle1,cat1-bird1,ed,28.157270431518555,15.249695777893066,0,1
resnet50,dog4-bird1,dog4,bird1,dog4-bicycle1,car9-bird1,ed,28.157270431518555,18.142919540405273,0,1
resnet50,dog4-bird1,dog4,bird1,dog4-bicycle1,car4-bird1,ed,28.157270431518555,17.70460319519043,0,1
resnet50,dog4-bird1,dog4,bird1,dog4-bicycle1,dog1-bird1,ed,28.157270431518555,20.698348999023438,0,1
resnet50,dog4-bird1,dog4,bird1,dog4-bicycle1,dog6-bird1,ed,28.157270431518555,15.084431648254395,0,1
resnet50,dog4-bird1,dog4,bird1,dog4-bicycle1,bear5-bird1,ed,28.157270431518555,18.389488220214844,0,1
resnet50,dog4-bird1,dog4,bird1,dog4-bicycle1,boat2-bird1,ed,28.157270431518555,16.104862213134766,0,1
resnet50,dog4-bird1,dog4,bird1,dog4-bicycle1,boat4-bird1,ed,28.157270431518555,16.203325271606445,0,1
resnet50,dog4-bird1,dog4,bird1,dog4-bicycle1,boat9-bird1,ed,28.157270431518555,23.42644500732422,0,1
resnet50,dog4-bird1,dog4,bird1,dog4-bicycle1,oven6-bird1,ed,28.157270431518555,17.459056854248047,0,1
resnet50,dog4-bird1,dog4,bird1,dog4-bicycle1,oven5-bird1,ed,28.157270431518555,20.3837833404541,0,1
resnet50,dog4-bird1,dog4,bird1,dog4-bicycle1,chair5-bird1,ed,28.157270431518555,21.231569290161133,0,1
resnet50,dog4-bird1,dog4,bird1,dog4-bicycle1,chair7-bird1,ed,28.157270431518555,22.82916259765625,0,1
resnet50,dog4-bird1,dog4,bird1,dog4-bicycle1,truck1-bird1,ed,28.157270431518555,19.994304656982422,0,1
resnet50,dog4-bird1,dog4,bird1,dog4-bicycle1,airplane8-bird1,ed,28.157270431518555,16.772911071777344,0,1
resnet50,dog4-bird1,dog4,bird1,dog4-bicycle1,bicycle3-bird1,ed,28.157270431518555,26.38892364501953,0,1
resnet50,dog4-bird1,dog4,bird1,dog4-bicycle1,bicycle1-bird1,ed,28.157270431518555,27.853422164916992,0,1
resnet50,dog4-bird1,dog4,bird1,dog4-bicycle1,bottle3-bird1,ed,28.157270431518555,16.062026977539062,0,1
resnet50,dog4-bird1,dog4,bird1,dog4-bicycle1,bottle8-bird1,ed,28.157270431518555,18.729658126831055,0,1
resnet50,dog4-bird1,dog4,bird1,dog4-bicycle1,bottle6-bird1,ed,28.157270431518555,16.467912673950195,0,1
resnet50,dog4-bird1,dog4,bird1,dog4-bicycle1,keyboard9-bird1,ed,28.157270431518555,19.107646942138672,0,1
resnet50,dog4-bird1,dog4,bird1,dog4-bicycle1,keyboard4-bird1,ed,28.157270431518555,19.613704681396484,0,1
resnet50,dog4-bird1,dog4,bird1,dog4-bicycle1,clock3-bird1,ed,28.157270431518555,23.784652709960938,0,1
resnet50,dog4-bird1,dog4,bird1,dog4-bicycle1,knife6-bird1,ed,28.157270431518555,22.155746459960938,0,1
resnet50,dog4-bird1,dog4,bird1,dog4-bicycle1,knife9-bird1,ed,28.157270431518555,19.967845916748047,0,1
resnet50,dog4-bird1,dog4,bird1,dog4-bicycle1,knife2-bird1,ed,28.157270431518555,16.830570220947266,0,1
resnet50,dog4-bird1,dog4,bird1,dog4-bicycle1,elephant6-bird1,ed,28.157270431518555,19.053680419921875,0,1
resnet50,dog4-bird1,dog4,bird1,dog4-bicycle1,elephant7-bird1,ed,28.157270431518555,17.94408416748047,0,1
resnet50,dog4-bird1,dog4,bird1,dog4-bicycle1,elephant4-bird1,ed,28.157270431518555,18.430419921875,0,1
resnet50,dog4-bird1,dog4,bird1,dog4-bicycle1,elephant2-bird1,ed,28.157270431518555,16.18446159362793,0,1
resnet50,dog4-bird1,dog4,bird1,dog4-cat3,cat1-bird1,ed,24.81429672241211,15.249695777893066,0,1
resnet50,dog4-bird1,dog4,bird1,dog4-cat3,car9-bird1,ed,24.81429672241211,18.142919540405273,0,1
resnet50,dog4-bird1,dog4,bird1,dog4-cat3,car4-bird1,ed,24.81429672241211,17.70460319519043,0,1
resnet50,dog4-bird1,dog4,bird1,dog4-cat3,dog1-bird1,ed,24.81429672241211,20.698348999023438,0,1
resnet50,dog4-bird1,dog4,bird1,dog4-cat3,dog6-bird1,ed,24.81429672241211,15.084431648254395,0,1
resnet50,dog4-bird1,dog4,bird1,dog4-cat3,bear5-bird1,ed,24.81429672241211,18.389488220214844,0,1
resnet50,dog4-bird1,dog4,bird1,dog4-cat3,boat2-bird1,ed,24.81429672241211,16.104862213134766,0,1
resnet50,dog4-bird1,dog4,bird1,dog4-cat3,boat4-bird1,ed,24.81429672241211,16.203325271606445,0,1
resnet50,dog4-bird1,dog4,bird1,dog4-cat3,boat9-bird1,ed,24.81429672241211,23.42644500732422,0,1
resnet50,dog4-bird1,dog4,bird1,dog4-cat3,oven6-bird1,ed,24.81429672241211,17.459056854248047,0,1
resnet50,dog4-bird1,dog4,bird1,dog4-cat3,oven5-bird1,ed,24.81429672241211,20.3837833404541,0,1
resnet50,dog4-bird1,dog4,bird1,dog4-cat3,chair5-bird1,ed,24.81429672241211,21.231569290161133,0,1
resnet50,dog4-bird1,dog4,bird1,dog4-cat3,chair7-bird1,ed,24.81429672241211,22.82916259765625,0,1
resnet50,dog4-bird1,dog4,bird1,dog4-cat3,truck1-bird1,ed,24.81429672241211,19.994304656982422,0,1
resnet50,dog4-bird1,dog4,bird1,dog4-cat3,airplane8-bird1,ed,24.81429672241211,16.772911071777344,0,1
resnet50,dog4-bird1,dog4,bird1,dog4-cat3,bicycle3-bird1,ed,24.81429672241211,26.38892364501953,1,0
resnet50,dog4-bird1,dog4,bird1,dog4-cat3,bicycle1-bird1,ed,24.81429672241211,27.853422164916992,1,0
resnet50,dog4-bird1,dog4,bird1,dog4-cat3,bottle3-bird1,ed,24.81429672241211,16.062026977539062,0,1
resnet50,dog4-bird1,dog4,bird1,dog4-cat3,bottle8-bird1,ed,24.81429672241211,18.729658126831055,0,1
resnet50,dog4-bird1,dog4,bird1,dog4-cat3,bottle6-bird1,ed,24.81429672241211,16.467912673950195,0,1
resnet50,dog4-bird1,dog4,bird1,dog4-cat3,keyboard9-bird1,ed,24.81429672241211,19.107646942138672,0,1
resnet50,dog4-bird1,dog4,bird1,dog4-cat3,keyboard4-bird1,ed,24.81429672241211,19.613704681396484,0,1
resnet50,dog4-bird1,dog4,bird1,dog4-cat3,clock3-bird1,ed,24.81429672241211,23.784652709960938,0,1
resnet50,dog4-bird1,dog4,bird1,dog4-cat3,knife6-bird1,ed,24.81429672241211,22.155746459960938,0,1
resnet50,dog4-bird1,dog4,bird1,dog4-cat3,knife9-bird1,ed,24.81429672241211,19.967845916748047,0,1
resnet50,dog4-bird1,dog4,bird1,dog4-cat3,knife2-bird1,ed,24.81429672241211,16.830570220947266,0,1
resnet50,dog4-bird1,dog4,bird1,dog4-cat3,elephant6-bird1,ed,24.81429672241211,19.053680419921875,0,1
resnet50,dog4-bird1,dog4,bird1,dog4-cat3,elephant7-bird1,ed,24.81429672241211,17.94408416748047,0,1
resnet50,dog4-bird1,dog4,bird1,dog4-cat3,elephant4-bird1,ed,24.81429672241211,18.430419921875,0,1
resnet50,dog4-bird1,dog4,bird1,dog4-cat3,elephant2-bird1,ed,24.81429672241211,16.18446159362793,0,1
resnet50,dog4-bird1,dog4,bird1,dog4-elephant2,cat1-bird1,ed,27.847942352294922,15.249695777893066,0,1
resnet50,dog4-bird1,dog4,bird1,dog4-elephant2,car9-bird1,ed,27.847942352294922,18.142919540405273,0,1
resnet50,dog4-bird1,dog4,bird1,dog4-elephant2,car4-bird1,ed,27.847942352294922,17.70460319519043,0,1
resnet50,dog4-bird1,dog4,bird1,dog4-elephant2,dog1-bird1,ed,27.847942352294922,20.698348999023438,0,1
resnet50,dog4-bird1,dog4,bird1,dog4-elephant2,dog6-bird1,ed,27.847942352294922,15.084431648254395,0,1
resnet50,dog4-bird1,dog4,bird1,dog4-elephant2,bear5-bird1,ed,27.847942352294922,18.389488220214844,0,1
resnet50,dog4-bird1,dog4,bird1,dog4-elephant2,boat2-bird1,ed,27.847942352294922,16.104862213134766,0,1
resnet50,dog4-bird1,dog4,bird1,dog4-elephant2,boat4-bird1,ed,27.847942352294922,16.203325271606445,0,1
resnet50,dog4-bird1,dog4,bird1,dog4-elephant2,boat9-bird1,ed,27.847942352294922,23.42644500732422,0,1
resnet50,dog4-bird1,dog4,bird1,dog4-elephant2,oven6-bird1,ed,27.847942352294922,17.459056854248047,0,1
resnet50,dog4-bird1,dog4,bird1,dog4-elephant2,oven5-bird1,ed,27.847942352294922,20.3837833404541,0,1
resnet50,dog4-bird1,dog4,bird1,dog4-elephant2,chair5-bird1,ed,27.847942352294922,21.231569290161133,0,1
resnet50,dog4-bird1,dog4,bird1,dog4-elephant2,chair7-bird1,ed,27.847942352294922,22.82916259765625,0,1
resnet50,dog4-bird1,dog4,bird1,dog4-elephant2,truck1-bird1,ed,27.847942352294922,19.994304656982422,0,1
resnet50,dog4-bird1,dog4,bird1,dog4-elephant2,airplane8-bird1,ed,27.847942352294922,16.772911071777344,0,1
resnet50,dog4-bird1,dog4,bird1,dog4-elephant2,bicycle3-bird1,ed,27.847942352294922,26.38892364501953,0,1
resnet50,dog4-bird1,dog4,bird1,dog4-elephant2,bicycle1-bird1,ed,27.847942352294922,27.853422164916992,1,0
resnet50,dog4-bird1,dog4,bird1,dog4-elephant2,bottle3-bird1,ed,27.847942352294922,16.062026977539062,0,1
resnet50,dog4-bird1,dog4,bird1,dog4-elephant2,bottle8-bird1,ed,27.847942352294922,18.729658126831055,0,1
resnet50,dog4-bird1,dog4,bird1,dog4-elephant2,bottle6-bird1,ed,27.847942352294922,16.467912673950195,0,1
resnet50,dog4-bird1,dog4,bird1,dog4-elephant2,keyboard9-bird1,ed,27.847942352294922,19.107646942138672,0,1
resnet50,dog4-bird1,dog4,bird1,dog4-elephant2,keyboard4-bird1,ed,27.847942352294922,19.613704681396484,0,1
resnet50,dog4-bird1,dog4,bird1,dog4-elephant2,clock3-bird1,ed,27.847942352294922,23.784652709960938,0,1
resnet50,dog4-bird1,dog4,bird1,dog4-elephant2,knife6-bird1,ed,27.847942352294922,22.155746459960938,0,1
resnet50,dog4-bird1,dog4,bird1,dog4-elephant2,knife9-bird1,ed,27.847942352294922,19.967845916748047,0,1
resnet50,dog4-bird1,dog4,bird1,dog4-elephant2,knife2-bird1,ed,27.847942352294922,16.830570220947266,0,1
resnet50,dog4-bird1,dog4,bird1,dog4-elephant2,elephant6-bird1,ed,27.847942352294922,19.053680419921875,0,1
resnet50,dog4-bird1,dog4,bird1,dog4-elephant2,elephant7-bird1,ed,27.847942352294922,17.94408416748047,0,1
resnet50,dog4-bird1,dog4,bird1,dog4-elephant2,elephant4-bird1,ed,27.847942352294922,18.430419921875,0,1
resnet50,dog4-bird1,dog4,bird1,dog4-elephant2,elephant2-bird1,ed,27.847942352294922,16.18446159362793,0,1
resnet50,dog4-bird1,dog4,bird1,dog4-chair1,cat1-bird1,ed,24.353527069091797,15.249695777893066,0,1
resnet50,dog4-bird1,dog4,bird1,dog4-chair1,car9-bird1,ed,24.353527069091797,18.142919540405273,0,1
resnet50,dog4-bird1,dog4,bird1,dog4-chair1,car4-bird1,ed,24.353527069091797,17.70460319519043,0,1
resnet50,dog4-bird1,dog4,bird1,dog4-chair1,dog1-bird1,ed,24.353527069091797,20.698348999023438,0,1
resnet50,dog4-bird1,dog4,bird1,dog4-chair1,dog6-bird1,ed,24.353527069091797,15.084431648254395,0,1
resnet50,dog4-bird1,dog4,bird1,dog4-chair1,bear5-bird1,ed,24.353527069091797,18.389488220214844,0,1
resnet50,dog4-bird1,dog4,bird1,dog4-chair1,boat2-bird1,ed,24.353527069091797,16.104862213134766,0,1
resnet50,dog4-bird1,dog4,bird1,dog4-chair1,boat4-bird1,ed,24.353527069091797,16.203325271606445,0,1
resnet50,dog4-bird1,dog4,bird1,dog4-chair1,boat9-bird1,ed,24.353527069091797,23.42644500732422,0,1
resnet50,dog4-bird1,dog4,bird1,dog4-chair1,oven6-bird1,ed,24.353527069091797,17.459056854248047,0,1
resnet50,dog4-bird1,dog4,bird1,dog4-chair1,oven5-bird1,ed,24.353527069091797,20.3837833404541,0,1
resnet50,dog4-bird1,dog4,bird1,dog4-chair1,chair5-bird1,ed,24.353527069091797,21.231569290161133,0,1
resnet50,dog4-bird1,dog4,bird1,dog4-chair1,chair7-bird1,ed,24.353527069091797,22.82916259765625,0,1
resnet50,dog4-bird1,dog4,bird1,dog4-chair1,truck1-bird1,ed,24.353527069091797,19.994304656982422,0,1
resnet50,dog4-bird1,dog4,bird1,dog4-chair1,airplane8-bird1,ed,24.353527069091797,16.772911071777344,0,1
resnet50,dog4-bird1,dog4,bird1,dog4-chair1,bicycle3-bird1,ed,24.353527069091797,26.38892364501953,1,0
resnet50,dog4-bird1,dog4,bird1,dog4-chair1,bicycle1-bird1,ed,24.353527069091797,27.853422164916992,1,0
resnet50,dog4-bird1,dog4,bird1,dog4-chair1,bottle3-bird1,ed,24.353527069091797,16.062026977539062,0,1
resnet50,dog4-bird1,dog4,bird1,dog4-chair1,bottle8-bird1,ed,24.353527069091797,18.729658126831055,0,1
resnet50,dog4-bird1,dog4,bird1,dog4-chair1,bottle6-bird1,ed,24.353527069091797,16.467912673950195,0,1
resnet50,dog4-bird1,dog4,bird1,dog4-chair1,keyboard9-bird1,ed,24.353527069091797,19.107646942138672,0,1
resnet50,dog4-bird1,dog4,bird1,dog4-chair1,keyboard4-bird1,ed,24.353527069091797,19.613704681396484,0,1
resnet50,dog4-bird1,dog4,bird1,dog4-chair1,clock3-bird1,ed,24.353527069091797,23.784652709960938,0,1
resnet50,dog4-bird1,dog4,bird1,dog4-chair1,knife6-bird1,ed,24.353527069091797,22.155746459960938,0,1
resnet50,dog4-bird1,dog4,bird1,dog4-chair1,knife9-bird1,ed,24.353527069091797,19.967845916748047,0,1
resnet50,dog4-bird1,dog4,bird1,dog4-chair1,knife2-bird1,ed,24.353527069091797,16.830570220947266,0,1
resnet50,dog4-bird1,dog4,bird1,dog4-chair1,elephant6-bird1,ed,24.353527069091797,19.053680419921875,0,1
resnet50,dog4-bird1,dog4,bird1,dog4-chair1,elephant7-bird1,ed,24.353527069091797,17.94408416748047,0,1
resnet50,dog4-bird1,dog4,bird1,dog4-chair1,elephant4-bird1,ed,24.353527069091797,18.430419921875,0,1
resnet50,dog4-bird1,dog4,bird1,dog4-chair1,elephant2-bird1,ed,24.353527069091797,16.18446159362793,0,1
resnet50,dog4-bird1,dog4,bird1,dog4-airplane3,cat1-bird1,ed,21.22210121154785,15.249695777893066,0,1
resnet50,dog4-bird1,dog4,bird1,dog4-airplane3,car9-bird1,ed,21.22210121154785,18.142919540405273,0,1
resnet50,dog4-bird1,dog4,bird1,dog4-airplane3,car4-bird1,ed,21.22210121154785,17.70460319519043,0,1
resnet50,dog4-bird1,dog4,bird1,dog4-airplane3,dog1-bird1,ed,21.22210121154785,20.698348999023438,0,1
resnet50,dog4-bird1,dog4,bird1,dog4-airplane3,dog6-bird1,ed,21.22210121154785,15.084431648254395,0,1
resnet50,dog4-bird1,dog4,bird1,dog4-airplane3,bear5-bird1,ed,21.22210121154785,18.389488220214844,0,1
resnet50,dog4-bird1,dog4,bird1,dog4-airplane3,boat2-bird1,ed,21.22210121154785,16.104862213134766,0,1
resnet50,dog4-bird1,dog4,bird1,dog4-airplane3,boat4-bird1,ed,21.22210121154785,16.203325271606445,0,1
resnet50,dog4-bird1,dog4,bird1,dog4-airplane3,boat9-bird1,ed,21.22210121154785,23.42644500732422,1,0
resnet50,dog4-bird1,dog4,bird1,dog4-airplane3,oven6-bird1,ed,21.22210121154785,17.459056854248047,0,1
resnet50,dog4-bird1,dog4,bird1,dog4-airplane3,oven5-bird1,ed,21.22210121154785,20.3837833404541,0,1
resnet50,dog4-bird1,dog4,bird1,dog4-airplane3,chair5-bird1,ed,21.22210121154785,21.231569290161133,1,0
resnet50,dog4-bird1,dog4,bird1,dog4-airplane3,chair7-bird1,ed,21.22210121154785,22.82916259765625,1,0
resnet50,dog4-bird1,dog4,bird1,dog4-airplane3,truck1-bird1,ed,21.22210121154785,19.994304656982422,0,1
resnet50,dog4-bird1,dog4,bird1,dog4-airplane3,airplane8-bird1,ed,21.22210121154785,16.772911071777344,0,1
resnet50,dog4-bird1,dog4,bird1,dog4-airplane3,bicycle3-bird1,ed,21.22210121154785,26.38892364501953,1,0
resnet50,dog4-bird1,dog4,bird1,dog4-airplane3,bicycle1-bird1,ed,21.22210121154785,27.853422164916992,1,0
resnet50,dog4-bird1,dog4,bird1,dog4-airplane3,bottle3-bird1,ed,21.22210121154785,16.062026977539062,0,1
resnet50,dog4-bird1,dog4,bird1,dog4-airplane3,bottle8-bird1,ed,21.22210121154785,18.729658126831055,0,1
resnet50,dog4-bird1,dog4,bird1,dog4-airplane3,bottle6-bird1,ed,21.22210121154785,16.467912673950195,0,1
resnet50,dog4-bird1,dog4,bird1,dog4-airplane3,keyboard9-bird1,ed,21.22210121154785,19.107646942138672,0,1
resnet50,dog4-bird1,dog4,bird1,dog4-airplane3,keyboard4-bird1,ed,21.22210121154785,19.613704681396484,0,1
resnet50,dog4-bird1,dog4,bird1,dog4-airplane3,clock3-bird1,ed,21.22210121154785,23.784652709960938,1,0
resnet50,dog4-bird1,dog4,bird1,dog4-airplane3,knife6-bird1,ed,21.22210121154785,22.155746459960938,1,0
resnet50,dog4-bird1,dog4,bird1,dog4-airplane3,knife9-bird1,ed,21.22210121154785,19.967845916748047,0,1
resnet50,dog4-bird1,dog4,bird1,dog4-airplane3,knife2-bird1,ed,21.22210121154785,16.830570220947266,0,1
resnet50,dog4-bird1,dog4,bird1,dog4-airplane3,elephant6-bird1,ed,21.22210121154785,19.053680419921875,0,1
resnet50,dog4-bird1,dog4,bird1,dog4-airplane3,elephant7-bird1,ed,21.22210121154785,17.94408416748047,0,1
resnet50,dog4-bird1,dog4,bird1,dog4-airplane3,elephant4-bird1,ed,21.22210121154785,18.430419921875,0,1
resnet50,dog4-bird1,dog4,bird1,dog4-airplane3,elephant2-bird1,ed,21.22210121154785,16.18446159362793,0,1
resnet50,dog4-bird1,dog4,bird1,dog4-clock1,cat1-bird1,ed,26.752910614013672,15.249695777893066,0,1
resnet50,dog4-bird1,dog4,bird1,dog4-clock1,car9-bird1,ed,26.752910614013672,18.142919540405273,0,1
resnet50,dog4-bird1,dog4,bird1,dog4-clock1,car4-bird1,ed,26.752910614013672,17.70460319519043,0,1
resnet50,dog4-bird1,dog4,bird1,dog4-clock1,dog1-bird1,ed,26.752910614013672,20.698348999023438,0,1
resnet50,dog4-bird1,dog4,bird1,dog4-clock1,dog6-bird1,ed,26.752910614013672,15.084431648254395,0,1
resnet50,dog4-bird1,dog4,bird1,dog4-clock1,bear5-bird1,ed,26.752910614013672,18.389488220214844,0,1
resnet50,dog4-bird1,dog4,bird1,dog4-clock1,boat2-bird1,ed,26.752910614013672,16.104862213134766,0,1
resnet50,dog4-bird1,dog4,bird1,dog4-clock1,boat4-bird1,ed,26.752910614013672,16.203325271606445,0,1
resnet50,dog4-bird1,dog4,bird1,dog4-clock1,boat9-bird1,ed,26.752910614013672,23.42644500732422,0,1
resnet50,dog4-bird1,dog4,bird1,dog4-clock1,oven6-bird1,ed,26.752910614013672,17.459056854248047,0,1
resnet50,dog4-bird1,dog4,bird1,dog4-clock1,oven5-bird1,ed,26.752910614013672,20.3837833404541,0,1
resnet50,dog4-bird1,dog4,bird1,dog4-clock1,chair5-bird1,ed,26.752910614013672,21.231569290161133,0,1
resnet50,dog4-bird1,dog4,bird1,dog4-clock1,chair7-bird1,ed,26.752910614013672,22.82916259765625,0,1
resnet50,dog4-bird1,dog4,bird1,dog4-clock1,truck1-bird1,ed,26.752910614013672,19.994304656982422,0,1
resnet50,dog4-bird1,dog4,bird1,dog4-clock1,airplane8-bird1,ed,26.752910614013672,16.772911071777344,0,1
resnet50,dog4-bird1,dog4,bird1,dog4-clock1,bicycle3-bird1,ed,26.752910614013672,26.38892364501953,0,1
resnet50,dog4-bird1,dog4,bird1,dog4-clock1,bicycle1-bird1,ed,26.752910614013672,27.853422164916992,1,0
resnet50,dog4-bird1,dog4,bird1,dog4-clock1,bottle3-bird1,ed,26.752910614013672,16.062026977539062,0,1
resnet50,dog4-bird1,dog4,bird1,dog4-clock1,bottle8-bird1,ed,26.752910614013672,18.729658126831055,0,1
resnet50,dog4-bird1,dog4,bird1,dog4-clock1,bottle6-bird1,ed,26.752910614013672,16.467912673950195,0,1
resnet50,dog4-bird1,dog4,bird1,dog4-clock1,keyboard9-bird1,ed,26.752910614013672,19.107646942138672,0,1
resnet50,dog4-bird1,dog4,bird1,dog4-clock1,keyboard4-bird1,ed,26.752910614013672,19.613704681396484,0,1
resnet50,dog4-bird1,dog4,bird1,dog4-clock1,clock3-bird1,ed,26.752910614013672,23.784652709960938,0,1
resnet50,dog4-bird1,dog4,bird1,dog4-clock1,knife6-bird1,ed,26.752910614013672,22.155746459960938,0,1
resnet50,dog4-bird1,dog4,bird1,dog4-clock1,knife9-bird1,ed,26.752910614013672,19.967845916748047,0,1
resnet50,dog4-bird1,dog4,bird1,dog4-clock1,knife2-bird1,ed,26.752910614013672,16.830570220947266,0,1
resnet50,dog4-bird1,dog4,bird1,dog4-clock1,elephant6-bird1,ed,26.752910614013672,19.053680419921875,0,1
resnet50,dog4-bird1,dog4,bird1,dog4-clock1,elephant7-bird1,ed,26.752910614013672,17.94408416748047,0,1
resnet50,dog4-bird1,dog4,bird1,dog4-clock1,elephant4-bird1,ed,26.752910614013672,18.430419921875,0,1
resnet50,dog4-bird1,dog4,bird1,dog4-clock1,elephant2-bird1,ed,26.752910614013672,16.18446159362793,0,1
resnet50,dog4-bird1,dog4,bird1,dog4-bottle2,cat1-bird1,ed,28.778682708740234,15.249695777893066,0,1
resnet50,dog4-bird1,dog4,bird1,dog4-bottle2,car9-bird1,ed,28.778682708740234,18.142919540405273,0,1
resnet50,dog4-bird1,dog4,bird1,dog4-bottle2,car4-bird1,ed,28.778682708740234,17.70460319519043,0,1
resnet50,dog4-bird1,dog4,bird1,dog4-bottle2,dog1-bird1,ed,28.778682708740234,20.698348999023438,0,1
resnet50,dog4-bird1,dog4,bird1,dog4-bottle2,dog6-bird1,ed,28.778682708740234,15.084431648254395,0,1
resnet50,dog4-bird1,dog4,bird1,dog4-bottle2,bear5-bird1,ed,28.778682708740234,18.389488220214844,0,1
resnet50,dog4-bird1,dog4,bird1,dog4-bottle2,boat2-bird1,ed,28.778682708740234,16.104862213134766,0,1
resnet50,dog4-bird1,dog4,bird1,dog4-bottle2,boat4-bird1,ed,28.778682708740234,16.203325271606445,0,1
resnet50,dog4-bird1,dog4,bird1,dog4-bottle2,boat9-bird1,ed,28.778682708740234,23.42644500732422,0,1
resnet50,dog4-bird1,dog4,bird1,dog4-bottle2,oven6-bird1,ed,28.778682708740234,17.459056854248047,0,1
resnet50,dog4-bird1,dog4,bird1,dog4-bottle2,oven5-bird1,ed,28.778682708740234,20.3837833404541,0,1
resnet50,dog4-bird1,dog4,bird1,dog4-bottle2,chair5-bird1,ed,28.778682708740234,21.231569290161133,0,1
resnet50,dog4-bird1,dog4,bird1,dog4-bottle2,chair7-bird1,ed,28.778682708740234,22.82916259765625,0,1
resnet50,dog4-bird1,dog4,bird1,dog4-bottle2,truck1-bird1,ed,28.778682708740234,19.994304656982422,0,1
resnet50,dog4-bird1,dog4,bird1,dog4-bottle2,airplane8-bird1,ed,28.778682708740234,16.772911071777344,0,1
resnet50,dog4-bird1,dog4,bird1,dog4-bottle2,bicycle3-bird1,ed,28.778682708740234,26.38892364501953,0,1
resnet50,dog4-bird1,dog4,bird1,dog4-bottle2,bicycle1-bird1,ed,28.778682708740234,27.853422164916992,0,1
resnet50,dog4-bird1,dog4,bird1,dog4-bottle2,bottle3-bird1,ed,28.778682708740234,16.062026977539062,0,1
resnet50,dog4-bird1,dog4,bird1,dog4-bottle2,bottle8-bird1,ed,28.778682708740234,18.729658126831055,0,1
resnet50,dog4-bird1,dog4,bird1,dog4-bottle2,bottle6-bird1,ed,28.778682708740234,16.467912673950195,0,1
resnet50,dog4-bird1,dog4,bird1,dog4-bottle2,keyboard9-bird1,ed,28.778682708740234,19.107646942138672,0,1
resnet50,dog4-bird1,dog4,bird1,dog4-bottle2,keyboard4-bird1,ed,28.778682708740234,19.613704681396484,0,1
resnet50,dog4-bird1,dog4,bird1,dog4-bottle2,clock3-bird1,ed,28.778682708740234,23.784652709960938,0,1
resnet50,dog4-bird1,dog4,bird1,dog4-bottle2,knife6-bird1,ed,28.778682708740234,22.155746459960938,0,1
resnet50,dog4-bird1,dog4,bird1,dog4-bottle2,knife9-bird1,ed,28.778682708740234,19.967845916748047,0,1
resnet50,dog4-bird1,dog4,bird1,dog4-bottle2,knife2-bird1,ed,28.778682708740234,16.830570220947266,0,1
resnet50,dog4-bird1,dog4,bird1,dog4-bottle2,elephant6-bird1,ed,28.778682708740234,19.053680419921875,0,1
resnet50,dog4-bird1,dog4,bird1,dog4-bottle2,elephant7-bird1,ed,28.778682708740234,17.94408416748047,0,1
resnet50,dog4-bird1,dog4,bird1,dog4-bottle2,elephant4-bird1,ed,28.778682708740234,18.430419921875,0,1
resnet50,dog4-bird1,dog4,bird1,dog4-bottle2,elephant2-bird1,ed,28.778682708740234,16.18446159362793,0,1
resnet50,dog4-bird1,dog4,bird1,dog4-truck2,cat1-bird1,ed,24.27289581298828,15.249695777893066,0,1
resnet50,dog4-bird1,dog4,bird1,dog4-truck2,car9-bird1,ed,24.27289581298828,18.142919540405273,0,1
resnet50,dog4-bird1,dog4,bird1,dog4-truck2,car4-bird1,ed,24.27289581298828,17.70460319519043,0,1
resnet50,dog4-bird1,dog4,bird1,dog4-truck2,dog1-bird1,ed,24.27289581298828,20.698348999023438,0,1
resnet50,dog4-bird1,dog4,bird1,dog4-truck2,dog6-bird1,ed,24.27289581298828,15.084431648254395,0,1
resnet50,dog4-bird1,dog4,bird1,dog4-truck2,bear5-bird1,ed,24.27289581298828,18.389488220214844,0,1
resnet50,dog4-bird1,dog4,bird1,dog4-truck2,boat2-bird1,ed,24.27289581298828,16.104862213134766,0,1
resnet50,dog4-bird1,dog4,bird1,dog4-truck2,boat4-bird1,ed,24.27289581298828,16.203325271606445,0,1
resnet50,dog4-bird1,dog4,bird1,dog4-truck2,boat9-bird1,ed,24.27289581298828,23.42644500732422,0,1
resnet50,dog4-bird1,dog4,bird1,dog4-truck2,oven6-bird1,ed,24.27289581298828,17.459056854248047,0,1
resnet50,dog4-bird1,dog4,bird1,dog4-truck2,oven5-bird1,ed,24.27289581298828,20.3837833404541,0,1
resnet50,dog4-bird1,dog4,bird1,dog4-truck2,chair5-bird1,ed,24.27289581298828,21.231569290161133,0,1
resnet50,dog4-bird1,dog4,bird1,dog4-truck2,chair7-bird1,ed,24.27289581298828,22.82916259765625,0,1
resnet50,dog4-bird1,dog4,bird1,dog4-truck2,truck1-bird1,ed,24.27289581298828,19.994304656982422,0,1
resnet50,dog4-bird1,dog4,bird1,dog4-truck2,airplane8-bird1,ed,24.27289581298828,16.772911071777344,0,1
resnet50,dog4-bird1,dog4,bird1,dog4-truck2,bicycle3-bird1,ed,24.27289581298828,26.38892364501953,1,0
resnet50,dog4-bird1,dog4,bird1,dog4-truck2,bicycle1-bird1,ed,24.27289581298828,27.853422164916992,1,0
resnet50,dog4-bird1,dog4,bird1,dog4-truck2,bottle3-bird1,ed,24.27289581298828,16.062026977539062,0,1
resnet50,dog4-bird1,dog4,bird1,dog4-truck2,bottle8-bird1,ed,24.27289581298828,18.729658126831055,0,1
resnet50,dog4-bird1,dog4,bird1,dog4-truck2,bottle6-bird1,ed,24.27289581298828,16.467912673950195,0,1
resnet50,dog4-bird1,dog4,bird1,dog4-truck2,keyboard9-bird1,ed,24.27289581298828,19.107646942138672,0,1
resnet50,dog4-bird1,dog4,bird1,dog4-truck2,keyboard4-bird1,ed,24.27289581298828,19.613704681396484,0,1
resnet50,dog4-bird1,dog4,bird1,dog4-truck2,clock3-bird1,ed,24.27289581298828,23.784652709960938,0,1
resnet50,dog4-bird1,dog4,bird1,dog4-truck2,knife6-bird1,ed,24.27289581298828,22.155746459960938,0,1
resnet50,dog4-bird1,dog4,bird1,dog4-truck2,knife9-bird1,ed,24.27289581298828,19.967845916748047,0,1
resnet50,dog4-bird1,dog4,bird1,dog4-truck2,knife2-bird1,ed,24.27289581298828,16.830570220947266,0,1
resnet50,dog4-bird1,dog4,bird1,dog4-truck2,elephant6-bird1,ed,24.27289581298828,19.053680419921875,0,1
resnet50,dog4-bird1,dog4,bird1,dog4-truck2,elephant7-bird1,ed,24.27289581298828,17.94408416748047,0,1
resnet50,dog4-bird1,dog4,bird1,dog4-truck2,elephant4-bird1,ed,24.27289581298828,18.430419921875,0,1
resnet50,dog4-bird1,dog4,bird1,dog4-truck2,elephant2-bird1,ed,24.27289581298828,16.18446159362793,0,1
resnet50,dog4-bird1,dog4,bird1,dog4-keyboard2,cat1-bird1,ed,23.924060821533203,15.249695777893066,0,1
resnet50,dog4-bird1,dog4,bird1,dog4-keyboard2,car9-bird1,ed,23.924060821533203,18.142919540405273,0,1
resnet50,dog4-bird1,dog4,bird1,dog4-keyboard2,car4-bird1,ed,23.924060821533203,17.70460319519043,0,1
resnet50,dog4-bird1,dog4,bird1,dog4-keyboard2,dog1-bird1,ed,23.924060821533203,20.698348999023438,0,1
resnet50,dog4-bird1,dog4,bird1,dog4-keyboard2,dog6-bird1,ed,23.924060821533203,15.084431648254395,0,1
resnet50,dog4-bird1,dog4,bird1,dog4-keyboard2,bear5-bird1,ed,23.924060821533203,18.389488220214844,0,1
resnet50,dog4-bird1,dog4,bird1,dog4-keyboard2,boat2-bird1,ed,23.924060821533203,16.104862213134766,0,1
resnet50,dog4-bird1,dog4,bird1,dog4-keyboard2,boat4-bird1,ed,23.924060821533203,16.203325271606445,0,1
resnet50,dog4-bird1,dog4,bird1,dog4-keyboard2,boat9-bird1,ed,23.924060821533203,23.42644500732422,0,1
resnet50,dog4-bird1,dog4,bird1,dog4-keyboard2,oven6-bird1,ed,23.924060821533203,17.459056854248047,0,1
resnet50,dog4-bird1,dog4,bird1,dog4-keyboard2,oven5-bird1,ed,23.924060821533203,20.3837833404541,0,1
resnet50,dog4-bird1,dog4,bird1,dog4-keyboard2,chair5-bird1,ed,23.924060821533203,21.231569290161133,0,1
resnet50,dog4-bird1,dog4,bird1,dog4-keyboard2,chair7-bird1,ed,23.924060821533203,22.82916259765625,0,1
resnet50,dog4-bird1,dog4,bird1,dog4-keyboard2,truck1-bird1,ed,23.924060821533203,19.994304656982422,0,1
resnet50,dog4-bird1,dog4,bird1,dog4-keyboard2,airplane8-bird1,ed,23.924060821533203,16.772911071777344,0,1
resnet50,dog4-bird1,dog4,bird1,dog4-keyboard2,bicycle3-bird1,ed,23.924060821533203,26.38892364501953,1,0
resnet50,dog4-bird1,dog4,bird1,dog4-keyboard2,bicycle1-bird1,ed,23.924060821533203,27.853422164916992,1,0
resnet50,dog4-bird1,dog4,bird1,dog4-keyboard2,bottle3-bird1,ed,23.924060821533203,16.062026977539062,0,1
resnet50,dog4-bird1,dog4,bird1,dog4-keyboard2,bottle8-bird1,ed,23.924060821533203,18.729658126831055,0,1
resnet50,dog4-bird1,dog4,bird1,dog4-keyboard2,bottle6-bird1,ed,23.924060821533203,16.467912673950195,0,1
resnet50,dog4-bird1,dog4,bird1,dog4-keyboard2,keyboard9-bird1,ed,23.924060821533203,19.107646942138672,0,1
resnet50,dog4-bird1,dog4,bird1,dog4-keyboard2,keyboard4-bird1,ed,23.924060821533203,19.613704681396484,0,1
resnet50,dog4-bird1,dog4,bird1,dog4-keyboard2,clock3-bird1,ed,23.924060821533203,23.784652709960938,0,1
resnet50,dog4-bird1,dog4,bird1,dog4-keyboard2,knife6-bird1,ed,23.924060821533203,22.155746459960938,0,1
resnet50,dog4-bird1,dog4,bird1,dog4-keyboard2,knife9-bird1,ed,23.924060821533203,19.967845916748047,0,1
resnet50,dog4-bird1,dog4,bird1,dog4-keyboard2,knife2-bird1,ed,23.924060821533203,16.830570220947266,0,1
resnet50,dog4-bird1,dog4,bird1,dog4-keyboard2,elephant6-bird1,ed,23.924060821533203,19.053680419921875,0,1
resnet50,dog4-bird1,dog4,bird1,dog4-keyboard2,elephant7-bird1,ed,23.924060821533203,17.94408416748047,0,1
resnet50,dog4-bird1,dog4,bird1,dog4-keyboard2,elephant4-bird1,ed,23.924060821533203,18.430419921875,0,1
resnet50,dog4-bird1,dog4,bird1,dog4-keyboard2,elephant2-bird1,ed,23.924060821533203,16.18446159362793,0,1
resnet50,dog4-bird1,dog4,bird1,dog4-oven1,cat1-bird1,ed,20.42219352722168,15.249695777893066,0,1
resnet50,dog4-bird1,dog4,bird1,dog4-oven1,car9-bird1,ed,20.42219352722168,18.142919540405273,0,1
resnet50,dog4-bird1,dog4,bird1,dog4-oven1,car4-bird1,ed,20.42219352722168,17.70460319519043,0,1
resnet50,dog4-bird1,dog4,bird1,dog4-oven1,dog1-bird1,ed,20.42219352722168,20.698348999023438,1,0
resnet50,dog4-bird1,dog4,bird1,dog4-oven1,dog6-bird1,ed,20.42219352722168,15.084431648254395,0,1
resnet50,dog4-bird1,dog4,bird1,dog4-oven1,bear5-bird1,ed,20.42219352722168,18.389488220214844,0,1
resnet50,dog4-bird1,dog4,bird1,dog4-oven1,boat2-bird1,ed,20.42219352722168,16.104862213134766,0,1
resnet50,dog4-bird1,dog4,bird1,dog4-oven1,boat4-bird1,ed,20.42219352722168,16.203325271606445,0,1
resnet50,dog4-bird1,dog4,bird1,dog4-oven1,boat9-bird1,ed,20.42219352722168,23.42644500732422,1,0
resnet50,dog4-bird1,dog4,bird1,dog4-oven1,oven6-bird1,ed,20.42219352722168,17.459056854248047,0,1
resnet50,dog4-bird1,dog4,bird1,dog4-oven1,oven5-bird1,ed,20.42219352722168,20.3837833404541,0,1
resnet50,dog4-bird1,dog4,bird1,dog4-oven1,chair5-bird1,ed,20.42219352722168,21.231569290161133,1,0
resnet50,dog4-bird1,dog4,bird1,dog4-oven1,chair7-bird1,ed,20.42219352722168,22.82916259765625,1,0
resnet50,dog4-bird1,dog4,bird1,dog4-oven1,truck1-bird1,ed,20.42219352722168,19.994304656982422,0,1
resnet50,dog4-bird1,dog4,bird1,dog4-oven1,airplane8-bird1,ed,20.42219352722168,16.772911071777344,0,1
resnet50,dog4-bird1,dog4,bird1,dog4-oven1,bicycle3-bird1,ed,20.42219352722168,26.38892364501953,1,0
resnet50,dog4-bird1,dog4,bird1,dog4-oven1,bicycle1-bird1,ed,20.42219352722168,27.853422164916992,1,0
resnet50,dog4-bird1,dog4,bird1,dog4-oven1,bottle3-bird1,ed,20.42219352722168,16.062026977539062,0,1
resnet50,dog4-bird1,dog4,bird1,dog4-oven1,bottle8-bird1,ed,20.42219352722168,18.729658126831055,0,1
resnet50,dog4-bird1,dog4,bird1,dog4-oven1,bottle6-bird1,ed,20.42219352722168,16.467912673950195,0,1
resnet50,dog4-bird1,dog4,bird1,dog4-oven1,keyboard9-bird1,ed,20.42219352722168,19.107646942138672,0,1
resnet50,dog4-bird1,dog4,bird1,dog4-oven1,keyboard4-bird1,ed,20.42219352722168,19.613704681396484,0,1
resnet50,dog4-bird1,dog4,bird1,dog4-oven1,clock3-bird1,ed,20.42219352722168,23.784652709960938,1,0
resnet50,dog4-bird1,dog4,bird1,dog4-oven1,knife6-bird1,ed,20.42219352722168,22.155746459960938,1,0
resnet50,dog4-bird1,dog4,bird1,dog4-oven1,knife9-bird1,ed,20.42219352722168,19.967845916748047,0,1
resnet50,dog4-bird1,dog4,bird1,dog4-oven1,knife2-bird1,ed,20.42219352722168,16.830570220947266,0,1
resnet50,dog4-bird1,dog4,bird1,dog4-oven1,elephant6-bird1,ed,20.42219352722168,19.053680419921875,0,1
resnet50,dog4-bird1,dog4,bird1,dog4-oven1,elephant7-bird1,ed,20.42219352722168,17.94408416748047,0,1
resnet50,dog4-bird1,dog4,bird1,dog4-oven1,elephant4-bird1,ed,20.42219352722168,18.430419921875,0,1
resnet50,dog4-bird1,dog4,bird1,dog4-oven1,elephant2-bird1,ed,20.42219352722168,16.18446159362793,0,1
