Model,Anchor,Anchor Shape,Anchor Texture,Shape Match,Texture Match,Metric,Shape Distance,Texture Distance,Shape Match Closer,Texture Match Closer
resnet50,bear1-bird2,bear1,bird2,bear10-cat2,cat10-bird2,dot,581.6322021484375,609.9530029296875,0,1
resnet50,bear1-bird2,bear1,bird2,bear10-cat2,cat4-bird2,dot,581.6322021484375,579.238037109375,1,0
resnet50,bear1-bird2,bear1,bird2,bear10-cat2,cat8-bird2,dot,581.6322021484375,607.8990478515625,0,1
resnet50,bear1-bird2,bear1,bird2,bear10-cat2,car3-bird2,dot,581.6322021484375,583.4449462890625,0,1
resnet50,bear1-bird2,bear1,bird2,bear10-cat2,dog3-bird2,dot,581.6322021484375,558.5868530273438,1,0
resnet50,bear1-bird2,bear1,bird2,bear10-cat2,bear6-bird2,dot,581.6322021484375,657.71484375,0,1
resnet50,bear1-bird2,bear1,bird2,bear10-cat2,boat8-bird2,dot,581.6322021484375,585.0108642578125,0,1
resnet50,bear1-bird2,bear1,bird2,bear10-cat2,oven2-bird2,dot,581.6322021484375,492.15020751953125,1,0
resnet50,bear1-bird2,bear1,bird2,bear10-cat2,chair6-bird2,dot,581.6322021484375,585.222900390625,0,1
resnet50,bear1-bird2,bear1,bird2,bear10-cat2,truck3-bird2,dot,581.6322021484375,672.31005859375,0,1
resnet50,bear1-bird2,bear1,bird2,bear10-cat2,truck5-bird2,dot,581.6322021484375,650.96533203125,0,1
resnet50,bear1-bird2,bear1,bird2,bear10-cat2,truck2-bird2,dot,581.6322021484375,596.0883178710938,0,1
resnet50,bear1-bird2,bear1,bird2,bear10-cat2,truck7-bird2,dot,581.6322021484375,592.9981689453125,0,1
resnet50,bear1-bird2,bear1,bird2,bear10-cat2,airplane5-bird2,dot,581.6322021484375,642.2036743164062,0,1
resnet50,bear1-bird2,bear1,bird2,bear10-cat2,bicycle8-bird2,dot,581.6322021484375,529.461181640625,1,0
resnet50,bear1-bird2,bear1,bird2,bear10-cat2,keyboard1-bird2,dot,581.6322021484375,613.1527709960938,0,1
resnet50,bear1-bird2,bear1,bird2,bear10-cat2,clock9-bird2,dot,581.6322021484375,570.8984375,1,0
resnet50,bear1-bird2,bear1,bird2,bear10-cat2,knife1-bird2,dot,581.6322021484375,549.5870361328125,1,0
resnet50,bear1-bird2,bear1,bird2,bear10-cat2,elephant8-bird2,dot,581.6322021484375,581.57470703125,1,0
resnet50,bear1-bird2,bear1,bird2,bear10-oven1,cat10-bird2,dot,527.3499145507812,609.9530029296875,0,1
resnet50,bear1-bird2,bear1,bird2,bear10-oven1,cat4-bird2,dot,527.3499145507812,579.238037109375,0,1
resnet50,bear1-bird2,bear1,bird2,bear10-oven1,cat8-bird2,dot,527.3499145507812,607.8990478515625,0,1
resnet50,bear1-bird2,bear1,bird2,bear10-oven1,car3-bird2,dot,527.3499145507812,583.4449462890625,0,1
resnet50,bear1-bird2,bear1,bird2,bear10-oven1,dog3-bird2,dot,527.3499145507812,558.5868530273438,0,1
resnet50,bear1-bird2,bear1,bird2,bear10-oven1,bear6-bird2,dot,527.3499145507812,657.71484375,0,1
resnet50,bear1-bird2,bear1,bird2,bear10-oven1,boat8-bird2,dot,527.3499145507812,585.0108642578125,0,1
resnet50,bear1-bird2,bear1,bird2,bear10-oven1,oven2-bird2,dot,527.3499145507812,492.15020751953125,1,0
resnet50,bear1-bird2,bear1,bird2,bear10-oven1,chair6-bird2,dot,527.3499145507812,585.222900390625,0,1
resnet50,bear1-bird2,bear1,bird2,bear10-oven1,truck3-bird2,dot,527.3499145507812,672.31005859375,0,1
resnet50,bear1-bird2,bear1,bird2,bear10-oven1,truck5-bird2,dot,527.3499145507812,650.96533203125,0,1
resnet50,bear1-bird2,bear1,bird2,bear10-oven1,truck2-bird2,dot,527.3499145507812,596.0883178710938,0,1
resnet50,bear1-bird2,bear1,bird2,bear10-oven1,truck7-bird2,dot,527.3499145507812,592.9981689453125,0,1
resnet50,bear1-bird2,bear1,bird2,bear10-oven1,airplane5-bird2,dot,527.3499145507812,642.2036743164062,0,1
resnet50,bear1-bird2,bear1,bird2,bear10-oven1,bicycle8-bird2,dot,527.3499145507812,529.461181640625,0,1
resnet50,bear1-bird2,bear1,bird2,bear10-oven1,keyboard1-bird2,dot,527.3499145507812,613.1527709960938,0,1
resnet50,bear1-bird2,bear1,bird2,bear10-oven1,clock9-bird2,dot,527.3499145507812,570.8984375,0,1
resnet50,bear1-bird2,bear1,bird2,bear10-oven1,knife1-bird2,dot,527.3499145507812,549.5870361328125,0,1
resnet50,bear1-bird2,bear1,bird2,bear10-oven1,elephant8-bird2,dot,527.3499145507812,581.57470703125,0,1
resnet50,bear1-bird2,bear1,bird2,bear10-truck1,cat10-bird2,dot,548.1329345703125,609.9530029296875,0,1
resnet50,bear1-bird2,bear1,bird2,bear10-truck1,cat4-bird2,dot,548.1329345703125,579.238037109375,0,1
resnet50,bear1-bird2,bear1,bird2,bear10-truck1,cat8-bird2,dot,548.1329345703125,607.8990478515625,0,1
resnet50,bear1-bird2,bear1,bird2,bear10-truck1,car3-bird2,dot,548.1329345703125,583.4449462890625,0,1
resnet50,bear1-bird2,bear1,bird2,bear10-truck1,dog3-bird2,dot,548.1329345703125,558.5868530273438,0,1
resnet50,bear1-bird2,bear1,bird2,bear10-truck1,bear6-bird2,dot,548.1329345703125,657.71484375,0,1
resnet50,bear1-bird2,bear1,bird2,bear10-truck1,boat8-bird2,dot,548.1329345703125,585.0108642578125,0,1
resnet50,bear1-bird2,bear1,bird2,bear10-truck1,oven2-bird2,dot,548.1329345703125,492.15020751953125,1,0
resnet50,bear1-bird2,bear1,bird2,bear10-truck1,chair6-bird2,dot,548.1329345703125,585.222900390625,0,1
resnet50,bear1-bird2,bear1,bird2,bear10-truck1,truck3-bird2,dot,548.1329345703125,672.31005859375,0,1
resnet50,bear1-bird2,bear1,bird2,bear10-truck1,truck5-bird2,dot,548.1329345703125,650.96533203125,0,1
resnet50,bear1-bird2,bear1,bird2,bear10-truck1,truck2-bird2,dot,548.1329345703125,596.0883178710938,0,1
resnet50,bear1-bird2,bear1,bird2,bear10-truck1,truck7-bird2,dot,548.1329345703125,592.9981689453125,0,1
resnet50,bear1-bird2,bear1,bird2,bear10-truck1,airplane5-bird2,dot,548.1329345703125,642.2036743164062,0,1
resnet50,bear1-bird2,bear1,bird2,bear10-truck1,bicycle8-bird2,dot,548.1329345703125,529.461181640625,1,0
resnet50,bear1-bird2,bear1,bird2,bear10-truck1,keyboard1-bird2,dot,548.1329345703125,613.1527709960938,0,1
resnet50,bear1-bird2,bear1,bird2,bear10-truck1,clock9-bird2,dot,548.1329345703125,570.8984375,0,1
resnet50,bear1-bird2,bear1,bird2,bear10-truck1,knife1-bird2,dot,548.1329345703125,549.5870361328125,0,1
resnet50,bear1-bird2,bear1,bird2,bear10-truck1,elephant8-bird2,dot,548.1329345703125,581.57470703125,0,1
resnet50,bear1-bird2,bear1,bird2,bear1-clock2,cat10-bird2,dot,580.081787109375,609.9530029296875,0,1
resnet50,bear1-bird2,bear1,bird2,bear1-clock2,cat4-bird2,dot,580.081787109375,579.238037109375,1,0
resnet50,bear1-bird2,bear1,bird2,bear1-clock2,cat8-bird2,dot,580.081787109375,607.8990478515625,0,1
resnet50,bear1-bird2,bear1,bird2,bear1-clock2,car3-bird2,dot,580.081787109375,583.4449462890625,0,1
resnet50,bear1-bird2,bear1,bird2,bear1-clock2,dog3-bird2,dot,580.081787109375,558.5868530273438,1,0
resnet50,bear1-bird2,bear1,bird2,bear1-clock2,bear6-bird2,dot,580.081787109375,657.71484375,0,1
resnet50,bear1-bird2,bear1,bird2,bear1-clock2,boat8-bird2,dot,580.081787109375,585.0108642578125,0,1
resnet50,bear1-bird2,bear1,bird2,bear1-clock2,oven2-bird2,dot,580.081787109375,492.15020751953125,1,0
resnet50,bear1-bird2,bear1,bird2,bear1-clock2,chair6-bird2,dot,580.081787109375,585.222900390625,0,1
resnet50,bear1-bird2,bear1,bird2,bear1-clock2,truck3-bird2,dot,580.081787109375,672.31005859375,0,1
resnet50,bear1-bird2,bear1,bird2,bear1-clock2,truck5-bird2,dot,580.081787109375,650.96533203125,0,1
resnet50,bear1-bird2,bear1,bird2,bear1-clock2,truck2-bird2,dot,580.081787109375,596.0883178710938,0,1
resnet50,bear1-bird2,bear1,bird2,bear1-clock2,truck7-bird2,dot,580.081787109375,592.9981689453125,0,1
resnet50,bear1-bird2,bear1,bird2,bear1-clock2,airplane5-bird2,dot,580.081787109375,642.2036743164062,0,1
resnet50,bear1-bird2,bear1,bird2,bear1-clock2,bicycle8-bird2,dot,580.081787109375,529.461181640625,1,0
resnet50,bear1-bird2,bear1,bird2,bear1-clock2,keyboard1-bird2,dot,580.081787109375,613.1527709960938,0,1
resnet50,bear1-bird2,bear1,bird2,bear1-clock2,clock9-bird2,dot,580.081787109375,570.8984375,1,0
resnet50,bear1-bird2,bear1,bird2,bear1-clock2,knife1-bird2,dot,580.081787109375,549.5870361328125,1,0
resnet50,bear1-bird2,bear1,bird2,bear1-clock2,elephant8-bird2,dot,580.081787109375,581.57470703125,0,1
resnet50,bear1-bird2,bear1,bird2,bear10-car2,cat10-bird2,dot,531.0634155273438,609.9530029296875,0,1
resnet50,bear1-bird2,bear1,bird2,bear10-car2,cat4-bird2,dot,531.0634155273438,579.238037109375,0,1
resnet50,bear1-bird2,bear1,bird2,bear10-car2,cat8-bird2,dot,531.0634155273438,607.8990478515625,0,1
resnet50,bear1-bird2,bear1,bird2,bear10-car2,car3-bird2,dot,531.0634155273438,583.4449462890625,0,1
resnet50,bear1-bird2,bear1,bird2,bear10-car2,dog3-bird2,dot,531.0634155273438,558.5868530273438,0,1
resnet50,bear1-bird2,bear1,bird2,bear10-car2,bear6-bird2,dot,531.0634155273438,657.71484375,0,1
resnet50,bear1-bird2,bear1,bird2,bear10-car2,boat8-bird2,dot,531.0634155273438,585.0108642578125,0,1
resnet50,bear1-bird2,bear1,bird2,bear10-car2,oven2-bird2,dot,531.0634155273438,492.15020751953125,1,0
resnet50,bear1-bird2,bear1,bird2,bear10-car2,chair6-bird2,dot,531.0634155273438,585.222900390625,0,1
resnet50,bear1-bird2,bear1,bird2,bear10-car2,truck3-bird2,dot,531.0634155273438,672.31005859375,0,1
resnet50,bear1-bird2,bear1,bird2,bear10-car2,truck5-bird2,dot,531.0634155273438,650.96533203125,0,1
resnet50,bear1-bird2,bear1,bird2,bear10-car2,truck2-bird2,dot,531.0634155273438,596.0883178710938,0,1
resnet50,bear1-bird2,bear1,bird2,bear10-car2,truck7-bird2,dot,531.0634155273438,592.9981689453125,0,1
resnet50,bear1-bird2,bear1,bird2,bear10-car2,airplane5-bird2,dot,531.0634155273438,642.2036743164062,0,1
resnet50,bear1-bird2,bear1,bird2,bear10-car2,bicycle8-bird2,dot,531.0634155273438,529.461181640625,1,0
resnet50,bear1-bird2,bear1,bird2,bear10-car2,keyboard1-bird2,dot,531.0634155273438,613.1527709960938,0,1
resnet50,bear1-bird2,bear1,bird2,bear10-car2,clock9-bird2,dot,531.0634155273438,570.8984375,0,1
resnet50,bear1-bird2,bear1,bird2,bear10-car2,knife1-bird2,dot,531.0634155273438,549.5870361328125,0,1
resnet50,bear1-bird2,bear1,bird2,bear10-car2,elephant8-bird2,dot,531.0634155273438,581.57470703125,0,1
resnet50,bear1-bird2,bear1,bird2,bear10-bottle1,cat10-bird2,dot,495.1349792480469,609.9530029296875,0,1
resnet50,bear1-bird2,bear1,bird2,bear10-bottle1,cat4-bird2,dot,495.1349792480469,579.238037109375,0,1
resnet50,bear1-bird2,bear1,bird2,bear10-bottle1,cat8-bird2,dot,495.1349792480469,607.8990478515625,0,1
resnet50,bear1-bird2,bear1,bird2,bear10-bottle1,car3-bird2,dot,495.1349792480469,583.4449462890625,0,1
resnet50,bear1-bird2,bear1,bird2,bear10-bottle1,dog3-bird2,dot,495.1349792480469,558.5868530273438,0,1
resnet50,bear1-bird2,bear1,bird2,bear10-bottle1,bear6-bird2,dot,495.1349792480469,657.71484375,0,1
resnet50,bear1-bird2,bear1,bird2,bear10-bottle1,boat8-bird2,dot,495.1349792480469,585.0108642578125,0,1
resnet50,bear1-bird2,bear1,bird2,bear10-bottle1,oven2-bird2,dot,495.1349792480469,492.15020751953125,1,0
resnet50,bear1-bird2,bear1,bird2,bear10-bottle1,chair6-bird2,dot,495.1349792480469,585.222900390625,0,1
resnet50,bear1-bird2,bear1,bird2,bear10-bottle1,truck3-bird2,dot,495.1349792480469,672.31005859375,0,1
resnet50,bear1-bird2,bear1,bird2,bear10-bottle1,truck5-bird2,dot,495.1349792480469,650.96533203125,0,1
resnet50,bear1-bird2,bear1,bird2,bear10-bottle1,truck2-bird2,dot,495.1349792480469,596.0883178710938,0,1
resnet50,bear1-bird2,bear1,bird2,bear10-bottle1,truck7-bird2,dot,495.1349792480469,592.9981689453125,0,1
resnet50,bear1-bird2,bear1,bird2,bear10-bottle1,airplane5-bird2,dot,495.1349792480469,642.2036743164062,0,1
resnet50,bear1-bird2,bear1,bird2,bear10-bottle1,bicycle8-bird2,dot,495.1349792480469,529.461181640625,0,1
resnet50,bear1-bird2,bear1,bird2,bear10-bottle1,keyboard1-bird2,dot,495.1349792480469,613.1527709960938,0,1
resnet50,bear1-bird2,bear1,bird2,bear10-bottle1,clock9-bird2,dot,495.1349792480469,570.8984375,0,1
resnet50,bear1-bird2,bear1,bird2,bear10-bottle1,knife1-bird2,dot,495.1349792480469,549.5870361328125,0,1
resnet50,bear1-bird2,bear1,bird2,bear10-bottle1,elephant8-bird2,dot,495.1349792480469,581.57470703125,0,1
resnet50,bear1-bird2,bear1,bird2,bear1-chair2,cat10-bird2,dot,509.6865234375,609.9530029296875,0,1
resnet50,bear1-bird2,bear1,bird2,bear1-chair2,cat4-bird2,dot,509.6865234375,579.238037109375,0,1
resnet50,bear1-bird2,bear1,bird2,bear1-chair2,cat8-bird2,dot,509.6865234375,607.8990478515625,0,1
resnet50,bear1-bird2,bear1,bird2,bear1-chair2,car3-bird2,dot,509.6865234375,583.4449462890625,0,1
resnet50,bear1-bird2,bear1,bird2,bear1-chair2,dog3-bird2,dot,509.6865234375,558.5868530273438,0,1
resnet50,bear1-bird2,bear1,bird2,bear1-chair2,bear6-bird2,dot,509.6865234375,657.71484375,0,1
resnet50,bear1-bird2,bear1,bird2,bear1-chair2,boat8-bird2,dot,509.6865234375,585.0108642578125,0,1
resnet50,bear1-bird2,bear1,bird2,bear1-chair2,oven2-bird2,dot,509.6865234375,492.15020751953125,1,0
resnet50,bear1-bird2,bear1,bird2,bear1-chair2,chair6-bird2,dot,509.6865234375,585.222900390625,0,1
resnet50,bear1-bird2,bear1,bird2,bear1-chair2,truck3-bird2,dot,509.6865234375,672.31005859375,0,1
resnet50,bear1-bird2,bear1,bird2,bear1-chair2,truck5-bird2,dot,509.6865234375,650.96533203125,0,1
resnet50,bear1-bird2,bear1,bird2,bear1-chair2,truck2-bird2,dot,509.6865234375,596.0883178710938,0,1
resnet50,bear1-bird2,bear1,bird2,bear1-chair2,truck7-bird2,dot,509.6865234375,592.9981689453125,0,1
resnet50,bear1-bird2,bear1,bird2,bear1-chair2,airplane5-bird2,dot,509.6865234375,642.2036743164062,0,1
resnet50,bear1-bird2,bear1,bird2,bear1-chair2,bicycle8-bird2,dot,509.6865234375,529.461181640625,0,1
resnet50,bear1-bird2,bear1,bird2,bear1-chair2,keyboard1-bird2,dot,509.6865234375,613.1527709960938,0,1
resnet50,bear1-bird2,bear1,bird2,bear1-chair2,clock9-bird2,dot,509.6865234375,570.8984375,0,1
resnet50,bear1-bird2,bear1,bird2,bear1-chair2,knife1-bird2,dot,509.6865234375,549.5870361328125,0,1
resnet50,bear1-bird2,bear1,bird2,bear1-chair2,elephant8-bird2,dot,509.6865234375,581.57470703125,0,1
resnet50,bear1-bird2,bear1,bird2,bear10-elephant1,cat10-bird2,dot,440.4216613769531,609.9530029296875,0,1
resnet50,bear1-bird2,bear1,bird2,bear10-elephant1,cat4-bird2,dot,440.4216613769531,579.238037109375,0,1
resnet50,bear1-bird2,bear1,bird2,bear10-elephant1,cat8-bird2,dot,440.4216613769531,607.8990478515625,0,1
resnet50,bear1-bird2,bear1,bird2,bear10-elephant1,car3-bird2,dot,440.4216613769531,583.4449462890625,0,1
resnet50,bear1-bird2,bear1,bird2,bear10-elephant1,dog3-bird2,dot,440.4216613769531,558.5868530273438,0,1
resnet50,bear1-bird2,bear1,bird2,bear10-elephant1,bear6-bird2,dot,440.4216613769531,657.71484375,0,1
resnet50,bear1-bird2,bear1,bird2,bear10-elephant1,boat8-bird2,dot,440.4216613769531,585.0108642578125,0,1
resnet50,bear1-bird2,bear1,bird2,bear10-elephant1,oven2-bird2,dot,440.4216613769531,492.15020751953125,0,1
resnet50,bear1-bird2,bear1,bird2,bear10-elephant1,chair6-bird2,dot,440.4216613769531,585.222900390625,0,1
resnet50,bear1-bird2,bear1,bird2,bear10-elephant1,truck3-bird2,dot,440.4216613769531,672.31005859375,0,1
resnet50,bear1-bird2,bear1,bird2,bear10-elephant1,truck5-bird2,dot,440.4216613769531,650.96533203125,0,1
resnet50,bear1-bird2,bear1,bird2,bear10-elephant1,truck2-bird2,dot,440.4216613769531,596.0883178710938,0,1
resnet50,bear1-bird2,bear1,bird2,bear10-elephant1,truck7-bird2,dot,440.4216613769531,592.9981689453125,0,1
resnet50,bear1-bird2,bear1,bird2,bear10-elephant1,airplane5-bird2,dot,440.4216613769531,642.2036743164062,0,1
resnet50,bear1-bird2,bear1,bird2,bear10-elephant1,bicycle8-bird2,dot,440.4216613769531,529.461181640625,0,1
resnet50,bear1-bird2,bear1,bird2,bear10-elephant1,keyboard1-bird2,dot,440.4216613769531,613.1527709960938,0,1
resnet50,bear1-bird2,bear1,bird2,bear10-elephant1,clock9-bird2,dot,440.4216613769531,570.8984375,0,1
resnet50,bear1-bird2,bear1,bird2,bear10-elephant1,knife1-bird2,dot,440.4216613769531,549.5870361328125,0,1
resnet50,bear1-bird2,bear1,bird2,bear10-elephant1,elephant8-bird2,dot,440.4216613769531,581.57470703125,0,1
resnet50,bear1-bird2,bear1,bird2,bear10-clock1,cat10-bird2,dot,459.4595947265625,609.9530029296875,0,1
resnet50,bear1-bird2,bear1,bird2,bear10-clock1,cat4-bird2,dot,459.4595947265625,579.238037109375,0,1
resnet50,bear1-bird2,bear1,bird2,bear10-clock1,cat8-bird2,dot,459.4595947265625,607.8990478515625,0,1
resnet50,bear1-bird2,bear1,bird2,bear10-clock1,car3-bird2,dot,459.4595947265625,583.4449462890625,0,1
resnet50,bear1-bird2,bear1,bird2,bear10-clock1,dog3-bird2,dot,459.4595947265625,558.5868530273438,0,1
resnet50,bear1-bird2,bear1,bird2,bear10-clock1,bear6-bird2,dot,459.4595947265625,657.71484375,0,1
resnet50,bear1-bird2,bear1,bird2,bear10-clock1,boat8-bird2,dot,459.4595947265625,585.0108642578125,0,1
resnet50,bear1-bird2,bear1,bird2,bear10-clock1,oven2-bird2,dot,459.4595947265625,492.15020751953125,0,1
resnet50,bear1-bird2,bear1,bird2,bear10-clock1,chair6-bird2,dot,459.4595947265625,585.222900390625,0,1
resnet50,bear1-bird2,bear1,bird2,bear10-clock1,truck3-bird2,dot,459.4595947265625,672.31005859375,0,1
resnet50,bear1-bird2,bear1,bird2,bear10-clock1,truck5-bird2,dot,459.4595947265625,650.96533203125,0,1
resnet50,bear1-bird2,bear1,bird2,bear10-clock1,truck2-bird2,dot,459.4595947265625,596.0883178710938,0,1
resnet50,bear1-bird2,bear1,bird2,bear10-clock1,truck7-bird2,dot,459.4595947265625,592.9981689453125,0,1
resnet50,bear1-bird2,bear1,bird2,bear10-clock1,airplane5-bird2,dot,459.4595947265625,642.2036743164062,0,1
resnet50,bear1-bird2,bear1,bird2,bear10-clock1,bicycle8-bird2,dot,459.4595947265625,529.461181640625,0,1
resnet50,bear1-bird2,bear1,bird2,bear10-clock1,keyboard1-bird2,dot,459.4595947265625,613.1527709960938,0,1
resnet50,bear1-bird2,bear1,bird2,bear10-clock1,clock9-bird2,dot,459.4595947265625,570.8984375,0,1
resnet50,bear1-bird2,bear1,bird2,bear10-clock1,knife1-bird2,dot,459.4595947265625,549.5870361328125,0,1
resnet50,bear1-bird2,bear1,bird2,bear10-clock1,elephant8-bird2,dot,459.4595947265625,581.57470703125,0,1
resnet50,bear1-bird2,bear1,bird2,bear10-knife2,cat10-bird2,dot,502.98382568359375,609.9530029296875,0,1
resnet50,bear1-bird2,bear1,bird2,bear10-knife2,cat4-bird2,dot,502.98382568359375,579.238037109375,0,1
resnet50,bear1-bird2,bear1,bird2,bear10-knife2,cat8-bird2,dot,502.98382568359375,607.8990478515625,0,1
resnet50,bear1-bird2,bear1,bird2,bear10-knife2,car3-bird2,dot,502.98382568359375,583.4449462890625,0,1
resnet50,bear1-bird2,bear1,bird2,bear10-knife2,dog3-bird2,dot,502.98382568359375,558.5868530273438,0,1
resnet50,bear1-bird2,bear1,bird2,bear10-knife2,bear6-bird2,dot,502.98382568359375,657.71484375,0,1
resnet50,bear1-bird2,bear1,bird2,bear10-knife2,boat8-bird2,dot,502.98382568359375,585.0108642578125,0,1
resnet50,bear1-bird2,bear1,bird2,bear10-knife2,oven2-bird2,dot,502.98382568359375,492.15020751953125,1,0
resnet50,bear1-bird2,bear1,bird2,bear10-knife2,chair6-bird2,dot,502.98382568359375,585.222900390625,0,1
resnet50,bear1-bird2,bear1,bird2,bear10-knife2,truck3-bird2,dot,502.98382568359375,672.31005859375,0,1
resnet50,bear1-bird2,bear1,bird2,bear10-knife2,truck5-bird2,dot,502.98382568359375,650.96533203125,0,1
resnet50,bear1-bird2,bear1,bird2,bear10-knife2,truck2-bird2,dot,502.98382568359375,596.0883178710938,0,1
resnet50,bear1-bird2,bear1,bird2,bear10-knife2,truck7-bird2,dot,502.98382568359375,592.9981689453125,0,1
resnet50,bear1-bird2,bear1,bird2,bear10-knife2,airplane5-bird2,dot,502.98382568359375,642.2036743164062,0,1
resnet50,bear1-bird2,bear1,bird2,bear10-knife2,bicycle8-bird2,dot,502.98382568359375,529.461181640625,0,1
resnet50,bear1-bird2,bear1,bird2,bear10-knife2,keyboard1-bird2,dot,502.98382568359375,613.1527709960938,0,1
resnet50,bear1-bird2,bear1,bird2,bear10-knife2,clock9-bird2,dot,502.98382568359375,570.8984375,0,1
resnet50,bear1-bird2,bear1,bird2,bear10-knife2,knife1-bird2,dot,502.98382568359375,549.5870361328125,0,1
resnet50,bear1-bird2,bear1,bird2,bear10-knife2,elephant8-bird2,dot,502.98382568359375,581.57470703125,0,1
resnet50,bear1-bird2,bear1,bird2,bear10-keyboard3,cat10-bird2,dot,555.7200927734375,609.9530029296875,0,1
resnet50,bear1-bird2,bear1,bird2,bear10-keyboard3,cat4-bird2,dot,555.7200927734375,579.238037109375,0,1
resnet50,bear1-bird2,bear1,bird2,bear10-keyboard3,cat8-bird2,dot,555.7200927734375,607.8990478515625,0,1
resnet50,bear1-bird2,bear1,bird2,bear10-keyboard3,car3-bird2,dot,555.7200927734375,583.4449462890625,0,1
resnet50,bear1-bird2,bear1,bird2,bear10-keyboard3,dog3-bird2,dot,555.7200927734375,558.5868530273438,0,1
resnet50,bear1-bird2,bear1,bird2,bear10-keyboard3,bear6-bird2,dot,555.7200927734375,657.71484375,0,1
resnet50,bear1-bird2,bear1,bird2,bear10-keyboard3,boat8-bird2,dot,555.7200927734375,585.0108642578125,0,1
resnet50,bear1-bird2,bear1,bird2,bear10-keyboard3,oven2-bird2,dot,555.7200927734375,492.15020751953125,1,0
resnet50,bear1-bird2,bear1,bird2,bear10-keyboard3,chair6-bird2,dot,555.7200927734375,585.222900390625,0,1
resnet50,bear1-bird2,bear1,bird2,bear10-keyboard3,truck3-bird2,dot,555.7200927734375,672.31005859375,0,1
resnet50,bear1-bird2,bear1,bird2,bear10-keyboard3,truck5-bird2,dot,555.7200927734375,650.96533203125,0,1
resnet50,bear1-bird2,bear1,bird2,bear10-keyboard3,truck2-bird2,dot,555.7200927734375,596.0883178710938,0,1
resnet50,bear1-bird2,bear1,bird2,bear10-keyboard3,truck7-bird2,dot,555.7200927734375,592.9981689453125,0,1
resnet50,bear1-bird2,bear1,bird2,bear10-keyboard3,airplane5-bird2,dot,555.7200927734375,642.2036743164062,0,1
resnet50,bear1-bird2,bear1,bird2,bear10-keyboard3,bicycle8-bird2,dot,555.7200927734375,529.461181640625,1,0
resnet50,bear1-bird2,bear1,bird2,bear10-keyboard3,keyboard1-bird2,dot,555.7200927734375,613.1527709960938,0,1
resnet50,bear1-bird2,bear1,bird2,bear10-keyboard3,clock9-bird2,dot,555.7200927734375,570.8984375,0,1
resnet50,bear1-bird2,bear1,bird2,bear10-keyboard3,knife1-bird2,dot,555.7200927734375,549.5870361328125,1,0
resnet50,bear1-bird2,bear1,bird2,bear10-keyboard3,elephant8-bird2,dot,555.7200927734375,581.57470703125,0,1
resnet50,bear1-bird2,bear1,bird2,bear10-chair2,cat10-bird2,dot,447.6560974121094,609.9530029296875,0,1
resnet50,bear1-bird2,bear1,bird2,bear10-chair2,cat4-bird2,dot,447.6560974121094,579.238037109375,0,1
resnet50,bear1-bird2,bear1,bird2,bear10-chair2,cat8-bird2,dot,447.6560974121094,607.8990478515625,0,1
resnet50,bear1-bird2,bear1,bird2,bear10-chair2,car3-bird2,dot,447.6560974121094,583.4449462890625,0,1
resnet50,bear1-bird2,bear1,bird2,bear10-chair2,dog3-bird2,dot,447.6560974121094,558.5868530273438,0,1
resnet50,bear1-bird2,bear1,bird2,bear10-chair2,bear6-bird2,dot,447.6560974121094,657.71484375,0,1
resnet50,bear1-bird2,bear1,bird2,bear10-chair2,boat8-bird2,dot,447.6560974121094,585.0108642578125,0,1
resnet50,bear1-bird2,bear1,bird2,bear10-chair2,oven2-bird2,dot,447.6560974121094,492.15020751953125,0,1
resnet50,bear1-bird2,bear1,bird2,bear10-chair2,chair6-bird2,dot,447.6560974121094,585.222900390625,0,1
resnet50,bear1-bird2,bear1,bird2,bear10-chair2,truck3-bird2,dot,447.6560974121094,672.31005859375,0,1
resnet50,bear1-bird2,bear1,bird2,bear10-chair2,truck5-bird2,dot,447.6560974121094,650.96533203125,0,1
resnet50,bear1-bird2,bear1,bird2,bear10-chair2,truck2-bird2,dot,447.6560974121094,596.0883178710938,0,1
resnet50,bear1-bird2,bear1,bird2,bear10-chair2,truck7-bird2,dot,447.6560974121094,592.9981689453125,0,1
resnet50,bear1-bird2,bear1,bird2,bear10-chair2,airplane5-bird2,dot,447.6560974121094,642.2036743164062,0,1
resnet50,bear1-bird2,bear1,bird2,bear10-chair2,bicycle8-bird2,dot,447.6560974121094,529.461181640625,0,1
resnet50,bear1-bird2,bear1,bird2,bear10-chair2,keyboard1-bird2,dot,447.6560974121094,613.1527709960938,0,1
resnet50,bear1-bird2,bear1,bird2,bear10-chair2,clock9-bird2,dot,447.6560974121094,570.8984375,0,1
resnet50,bear1-bird2,bear1,bird2,bear10-chair2,knife1-bird2,dot,447.6560974121094,549.5870361328125,0,1
resnet50,bear1-bird2,bear1,bird2,bear10-chair2,elephant8-bird2,dot,447.6560974121094,581.57470703125,0,1
resnet50,bear1-bird2,bear1,bird2,bear1-elephant1,cat10-bird2,dot,476.9229736328125,609.9530029296875,0,1
resnet50,bear1-bird2,bear1,bird2,bear1-elephant1,cat4-bird2,dot,476.9229736328125,579.238037109375,0,1
resnet50,bear1-bird2,bear1,bird2,bear1-elephant1,cat8-bird2,dot,476.9229736328125,607.8990478515625,0,1
resnet50,bear1-bird2,bear1,bird2,bear1-elephant1,car3-bird2,dot,476.9229736328125,583.4449462890625,0,1
resnet50,bear1-bird2,bear1,bird2,bear1-elephant1,dog3-bird2,dot,476.9229736328125,558.5868530273438,0,1
resnet50,bear1-bird2,bear1,bird2,bear1-elephant1,bear6-bird2,dot,476.9229736328125,657.71484375,0,1
resnet50,bear1-bird2,bear1,bird2,bear1-elephant1,boat8-bird2,dot,476.9229736328125,585.0108642578125,0,1
resnet50,bear1-bird2,bear1,bird2,bear1-elephant1,oven2-bird2,dot,476.9229736328125,492.15020751953125,0,1
resnet50,bear1-bird2,bear1,bird2,bear1-elephant1,chair6-bird2,dot,476.9229736328125,585.222900390625,0,1
resnet50,bear1-bird2,bear1,bird2,bear1-elephant1,truck3-bird2,dot,476.9229736328125,672.31005859375,0,1
resnet50,bear1-bird2,bear1,bird2,bear1-elephant1,truck5-bird2,dot,476.9229736328125,650.96533203125,0,1
resnet50,bear1-bird2,bear1,bird2,bear1-elephant1,truck2-bird2,dot,476.9229736328125,596.0883178710938,0,1
resnet50,bear1-bird2,bear1,bird2,bear1-elephant1,truck7-bird2,dot,476.9229736328125,592.9981689453125,0,1
resnet50,bear1-bird2,bear1,bird2,bear1-elephant1,airplane5-bird2,dot,476.9229736328125,642.2036743164062,0,1
resnet50,bear1-bird2,bear1,bird2,bear1-elephant1,bicycle8-bird2,dot,476.9229736328125,529.461181640625,0,1
resnet50,bear1-bird2,bear1,bird2,bear1-elephant1,keyboard1-bird2,dot,476.9229736328125,613.1527709960938,0,1
resnet50,bear1-bird2,bear1,bird2,bear1-elephant1,clock9-bird2,dot,476.9229736328125,570.8984375,0,1
resnet50,bear1-bird2,bear1,bird2,bear1-elephant1,knife1-bird2,dot,476.9229736328125,549.5870361328125,0,1
resnet50,bear1-bird2,bear1,bird2,bear1-elephant1,elephant8-bird2,dot,476.9229736328125,581.57470703125,0,1
resnet50,bear1-bird2,bear1,bird2,bear1-airplane3,cat10-bird2,dot,598.3644409179688,609.9530029296875,0,1
resnet50,bear1-bird2,bear1,bird2,bear1-airplane3,cat4-bird2,dot,598.3644409179688,579.238037109375,1,0
resnet50,bear1-bird2,bear1,bird2,bear1-airplane3,cat8-bird2,dot,598.3644409179688,607.8990478515625,0,1
resnet50,bear1-bird2,bear1,bird2,bear1-airplane3,car3-bird2,dot,598.3644409179688,583.4449462890625,1,0
resnet50,bear1-bird2,bear1,bird2,bear1-airplane3,dog3-bird2,dot,598.3644409179688,558.5868530273438,1,0
resnet50,bear1-bird2,bear1,bird2,bear1-airplane3,bear6-bird2,dot,598.3644409179688,657.71484375,0,1
resnet50,bear1-bird2,bear1,bird2,bear1-airplane3,boat8-bird2,dot,598.3644409179688,585.0108642578125,1,0
resnet50,bear1-bird2,bear1,bird2,bear1-airplane3,oven2-bird2,dot,598.3644409179688,492.15020751953125,1,0
resnet50,bear1-bird2,bear1,bird2,bear1-airplane3,chair6-bird2,dot,598.3644409179688,585.222900390625,1,0
resnet50,bear1-bird2,bear1,bird2,bear1-airplane3,truck3-bird2,dot,598.3644409179688,672.31005859375,0,1
resnet50,bear1-bird2,bear1,bird2,bear1-airplane3,truck5-bird2,dot,598.3644409179688,650.96533203125,0,1
resnet50,bear1-bird2,bear1,bird2,bear1-airplane3,truck2-bird2,dot,598.3644409179688,596.0883178710938,1,0
resnet50,bear1-bird2,bear1,bird2,bear1-airplane3,truck7-bird2,dot,598.3644409179688,592.9981689453125,1,0
resnet50,bear1-bird2,bear1,bird2,bear1-airplane3,airplane5-bird2,dot,598.3644409179688,642.2036743164062,0,1
resnet50,bear1-bird2,bear1,bird2,bear1-airplane3,bicycle8-bird2,dot,598.3644409179688,529.461181640625,1,0
resnet50,bear1-bird2,bear1,bird2,bear1-airplane3,keyboard1-bird2,dot,598.3644409179688,613.1527709960938,0,1
resnet50,bear1-bird2,bear1,bird2,bear1-airplane3,clock9-bird2,dot,598.3644409179688,570.8984375,1,0
resnet50,bear1-bird2,bear1,bird2,bear1-airplane3,knife1-bird2,dot,598.3644409179688,549.5870361328125,1,0
resnet50,bear1-bird2,bear1,bird2,bear1-airplane3,elephant8-bird2,dot,598.3644409179688,581.57470703125,1,0
resnet50,bear1-bird2,bear1,bird2,bear1-bicycle3,cat10-bird2,dot,572.0787963867188,609.9530029296875,0,1
resnet50,bear1-bird2,bear1,bird2,bear1-bicycle3,cat4-bird2,dot,572.0787963867188,579.238037109375,0,1
resnet50,bear1-bird2,bear1,bird2,bear1-bicycle3,cat8-bird2,dot,572.0787963867188,607.8990478515625,0,1
resnet50,bear1-bird2,bear1,bird2,bear1-bicycle3,car3-bird2,dot,572.0787963867188,583.4449462890625,0,1
resnet50,bear1-bird2,bear1,bird2,bear1-bicycle3,dog3-bird2,dot,572.0787963867188,558.5868530273438,1,0
resnet50,bear1-bird2,bear1,bird2,bear1-bicycle3,bear6-bird2,dot,572.0787963867188,657.71484375,0,1
resnet50,bear1-bird2,bear1,bird2,bear1-bicycle3,boat8-bird2,dot,572.0787963867188,585.0108642578125,0,1
resnet50,bear1-bird2,bear1,bird2,bear1-bicycle3,oven2-bird2,dot,572.0787963867188,492.15020751953125,1,0
resnet50,bear1-bird2,bear1,bird2,bear1-bicycle3,chair6-bird2,dot,572.0787963867188,585.222900390625,0,1
resnet50,bear1-bird2,bear1,bird2,bear1-bicycle3,truck3-bird2,dot,572.0787963867188,672.31005859375,0,1
resnet50,bear1-bird2,bear1,bird2,bear1-bicycle3,truck5-bird2,dot,572.0787963867188,650.96533203125,0,1
resnet50,bear1-bird2,bear1,bird2,bear1-bicycle3,truck2-bird2,dot,572.0787963867188,596.0883178710938,0,1
resnet50,bear1-bird2,bear1,bird2,bear1-bicycle3,truck7-bird2,dot,572.0787963867188,592.9981689453125,0,1
resnet50,bear1-bird2,bear1,bird2,bear1-bicycle3,airplane5-bird2,dot,572.0787963867188,642.2036743164062,0,1
resnet50,bear1-bird2,bear1,bird2,bear1-bicycle3,bicycle8-bird2,dot,572.0787963867188,529.461181640625,1,0
resnet50,bear1-bird2,bear1,bird2,bear1-bicycle3,keyboard1-bird2,dot,572.0787963867188,613.1527709960938,0,1
resnet50,bear1-bird2,bear1,bird2,bear1-bicycle3,clock9-bird2,dot,572.0787963867188,570.8984375,1,0
resnet50,bear1-bird2,bear1,bird2,bear1-bicycle3,knife1-bird2,dot,572.0787963867188,549.5870361328125,1,0
resnet50,bear1-bird2,bear1,bird2,bear1-bicycle3,elephant8-bird2,dot,572.0787963867188,581.57470703125,0,1
resnet50,bear1-bird2,bear1,bird2,bear10-cat2,cat10-bird2,cos,0.6271497011184692,0.7785934805870056,0,1
resnet50,bear1-bird2,bear1,bird2,bear10-cat2,cat4-bird2,cos,0.6271497011184692,0.7409018874168396,0,1
resnet50,bear1-bird2,bear1,bird2,bear10-cat2,cat8-bird2,cos,0.6271497011184692,0.8208525776863098,0,1
resnet50,bear1-bird2,bear1,bird2,bear10-cat2,car3-bird2,cos,0.6271497011184692,0.7410550117492676,0,1
resnet50,bear1-bird2,bear1,bird2,bear10-cat2,dog3-bird2,cos,0.6271497011184692,0.7723354697227478,0,1
resnet50,bear1-bird2,bear1,bird2,bear10-cat2,bear6-bird2,cos,0.6271497011184692,0.821925699710846,0,1
resnet50,bear1-bird2,bear1,bird2,bear10-cat2,boat8-bird2,cos,0.6271497011184692,0.741555392742157,0,1
resnet50,bear1-bird2,bear1,bird2,bear10-cat2,oven2-bird2,cos,0.6271497011184692,0.6796164512634277,0,1
resnet50,bear1-bird2,bear1,bird2,bear10-cat2,chair6-bird2,cos,0.6271497011184692,0.7112615704536438,0,1
resnet50,bear1-bird2,bear1,bird2,bear10-cat2,truck3-bird2,cos,0.6271497011184692,0.7623661160469055,0,1
resnet50,bear1-bird2,bear1,bird2,bear10-cat2,truck5-bird2,cos,0.6271497011184692,0.7469741702079773,0,1
resnet50,bear1-bird2,bear1,bird2,bear10-cat2,truck2-bird2,cos,0.6271497011184692,0.7328327894210815,0,1
resnet50,bear1-bird2,bear1,bird2,bear10-cat2,truck7-bird2,cos,0.6271497011184692,0.6943985819816589,0,1
resnet50,bear1-bird2,bear1,bird2,bear10-cat2,airplane5-bird2,cos,0.6271497011184692,0.7597643136978149,0,1
resnet50,bear1-bird2,bear1,bird2,bear10-cat2,bicycle8-bird2,cos,0.6271497011184692,0.632051408290863,0,1
resnet50,bear1-bird2,bear1,bird2,bear10-cat2,keyboard1-bird2,cos,0.6271497011184692,0.746574878692627,0,1
resnet50,bear1-bird2,bear1,bird2,bear10-cat2,clock9-bird2,cos,0.6271497011184692,0.6691311001777649,0,1
resnet50,bear1-bird2,bear1,bird2,bear10-cat2,knife1-bird2,cos,0.6271497011184692,0.7073816657066345,0,1
resnet50,bear1-bird2,bear1,bird2,bear10-cat2,elephant8-bird2,cos,0.6271497011184692,0.7867543697357178,0,1
resnet50,bear1-bird2,bear1,bird2,bear10-oven1,cat10-bird2,cos,0.6427393555641174,0.7785934805870056,0,1
resnet50,bear1-bird2,bear1,bird2,bear10-oven1,cat4-bird2,cos,0.6427393555641174,0.7409018874168396,0,1
resnet50,bear1-bird2,bear1,bird2,bear10-oven1,cat8-bird2,cos,0.6427393555641174,0.8208525776863098,0,1
resnet50,bear1-bird2,bear1,bird2,bear10-oven1,car3-bird2,cos,0.6427393555641174,0.7410550117492676,0,1
resnet50,bear1-bird2,bear1,bird2,bear10-oven1,dog3-bird2,cos,0.6427393555641174,0.7723354697227478,0,1
resnet50,bear1-bird2,bear1,bird2,bear10-oven1,bear6-bird2,cos,0.6427393555641174,0.821925699710846,0,1
resnet50,bear1-bird2,bear1,bird2,bear10-oven1,boat8-bird2,cos,0.6427393555641174,0.741555392742157,0,1
resnet50,bear1-bird2,bear1,bird2,bear10-oven1,oven2-bird2,cos,0.6427393555641174,0.6796164512634277,0,1
resnet50,bear1-bird2,bear1,bird2,bear10-oven1,chair6-bird2,cos,0.6427393555641174,0.7112615704536438,0,1
resnet50,bear1-bird2,bear1,bird2,bear10-oven1,truck3-bird2,cos,0.6427393555641174,0.7623661160469055,0,1
resnet50,bear1-bird2,bear1,bird2,bear10-oven1,truck5-bird2,cos,0.6427393555641174,0.7469741702079773,0,1
resnet50,bear1-bird2,bear1,bird2,bear10-oven1,truck2-bird2,cos,0.6427393555641174,0.7328327894210815,0,1
resnet50,bear1-bird2,bear1,bird2,bear10-oven1,truck7-bird2,cos,0.6427393555641174,0.6943985819816589,0,1
resnet50,bear1-bird2,bear1,bird2,bear10-oven1,airplane5-bird2,cos,0.6427393555641174,0.7597643136978149,0,1
resnet50,bear1-bird2,bear1,bird2,bear10-oven1,bicycle8-bird2,cos,0.6427393555641174,0.632051408290863,1,0
resnet50,bear1-bird2,bear1,bird2,bear10-oven1,keyboard1-bird2,cos,0.6427393555641174,0.746574878692627,0,1
resnet50,bear1-bird2,bear1,bird2,bear10-oven1,clock9-bird2,cos,0.6427393555641174,0.6691311001777649,0,1
resnet50,bear1-bird2,bear1,bird2,bear10-oven1,knife1-bird2,cos,0.6427393555641174,0.7073816657066345,0,1
resnet50,bear1-bird2,bear1,bird2,bear10-oven1,elephant8-bird2,cos,0.6427393555641174,0.7867543697357178,0,1
resnet50,bear1-bird2,bear1,bird2,bear10-truck1,cat10-bird2,cos,0.6578137278556824,0.7785934805870056,0,1
resnet50,bear1-bird2,bear1,bird2,bear10-truck1,cat4-bird2,cos,0.6578137278556824,0.7409018874168396,0,1
resnet50,bear1-bird2,bear1,bird2,bear10-truck1,cat8-bird2,cos,0.6578137278556824,0.8208525776863098,0,1
resnet50,bear1-bird2,bear1,bird2,bear10-truck1,car3-bird2,cos,0.6578137278556824,0.7410550117492676,0,1
resnet50,bear1-bird2,bear1,bird2,bear10-truck1,dog3-bird2,cos,0.6578137278556824,0.7723354697227478,0,1
resnet50,bear1-bird2,bear1,bird2,bear10-truck1,bear6-bird2,cos,0.6578137278556824,0.821925699710846,0,1
resnet50,bear1-bird2,bear1,bird2,bear10-truck1,boat8-bird2,cos,0.6578137278556824,0.741555392742157,0,1
resnet50,bear1-bird2,bear1,bird2,bear10-truck1,oven2-bird2,cos,0.6578137278556824,0.6796164512634277,0,1
resnet50,bear1-bird2,bear1,bird2,bear10-truck1,chair6-bird2,cos,0.6578137278556824,0.7112615704536438,0,1
resnet50,bear1-bird2,bear1,bird2,bear10-truck1,truck3-bird2,cos,0.6578137278556824,0.7623661160469055,0,1
resnet50,bear1-bird2,bear1,bird2,bear10-truck1,truck5-bird2,cos,0.6578137278556824,0.7469741702079773,0,1
resnet50,bear1-bird2,bear1,bird2,bear10-truck1,truck2-bird2,cos,0.6578137278556824,0.7328327894210815,0,1
resnet50,bear1-bird2,bear1,bird2,bear10-truck1,truck7-bird2,cos,0.6578137278556824,0.6943985819816589,0,1
resnet50,bear1-bird2,bear1,bird2,bear10-truck1,airplane5-bird2,cos,0.6578137278556824,0.7597643136978149,0,1
resnet50,bear1-bird2,bear1,bird2,bear10-truck1,bicycle8-bird2,cos,0.6578137278556824,0.632051408290863,1,0
resnet50,bear1-bird2,bear1,bird2,bear10-truck1,keyboard1-bird2,cos,0.6578137278556824,0.746574878692627,0,1
resnet50,bear1-bird2,bear1,bird2,bear10-truck1,clock9-bird2,cos,0.6578137278556824,0.6691311001777649,0,1
resnet50,bear1-bird2,bear1,bird2,bear10-truck1,knife1-bird2,cos,0.6578137278556824,0.7073816657066345,0,1
resnet50,bear1-bird2,bear1,bird2,bear10-truck1,elephant8-bird2,cos,0.6578137278556824,0.7867543697357178,0,1
resnet50,bear1-bird2,bear1,bird2,bear1-clock2,cat10-bird2,cos,0.7267595529556274,0.7785934805870056,0,1
resnet50,bear1-bird2,bear1,bird2,bear1-clock2,cat4-bird2,cos,0.7267595529556274,0.7409018874168396,0,1
resnet50,bear1-bird2,bear1,bird2,bear1-clock2,cat8-bird2,cos,0.7267595529556274,0.8208525776863098,0,1
resnet50,bear1-bird2,bear1,bird2,bear1-clock2,car3-bird2,cos,0.7267595529556274,0.7410550117492676,0,1
resnet50,bear1-bird2,bear1,bird2,bear1-clock2,dog3-bird2,cos,0.7267595529556274,0.7723354697227478,0,1
resnet50,bear1-bird2,bear1,bird2,bear1-clock2,bear6-bird2,cos,0.7267595529556274,0.821925699710846,0,1
resnet50,bear1-bird2,bear1,bird2,bear1-clock2,boat8-bird2,cos,0.7267595529556274,0.741555392742157,0,1
resnet50,bear1-bird2,bear1,bird2,bear1-clock2,oven2-bird2,cos,0.7267595529556274,0.6796164512634277,1,0
resnet50,bear1-bird2,bear1,bird2,bear1-clock2,chair6-bird2,cos,0.7267595529556274,0.7112615704536438,1,0
resnet50,bear1-bird2,bear1,bird2,bear1-clock2,truck3-bird2,cos,0.7267595529556274,0.7623661160469055,0,1
resnet50,bear1-bird2,bear1,bird2,bear1-clock2,truck5-bird2,cos,0.7267595529556274,0.7469741702079773,0,1
resnet50,bear1-bird2,bear1,bird2,bear1-clock2,truck2-bird2,cos,0.7267595529556274,0.7328327894210815,0,1
resnet50,bear1-bird2,bear1,bird2,bear1-clock2,truck7-bird2,cos,0.7267595529556274,0.6943985819816589,1,0
resnet50,bear1-bird2,bear1,bird2,bear1-clock2,airplane5-bird2,cos,0.7267595529556274,0.7597643136978149,0,1
resnet50,bear1-bird2,bear1,bird2,bear1-clock2,bicycle8-bird2,cos,0.7267595529556274,0.632051408290863,1,0
resnet50,bear1-bird2,bear1,bird2,bear1-clock2,keyboard1-bird2,cos,0.7267595529556274,0.746574878692627,0,1
resnet50,bear1-bird2,bear1,bird2,bear1-clock2,clock9-bird2,cos,0.7267595529556274,0.6691311001777649,1,0
resnet50,bear1-bird2,bear1,bird2,bear1-clock2,knife1-bird2,cos,0.7267595529556274,0.7073816657066345,1,0
resnet50,bear1-bird2,bear1,bird2,bear1-clock2,elephant8-bird2,cos,0.7267595529556274,0.7867543697357178,0,1
resnet50,bear1-bird2,bear1,bird2,bear10-car2,cat10-bird2,cos,0.59684157371521,0.7785934805870056,0,1
resnet50,bear1-bird2,bear1,bird2,bear10-car2,cat4-bird2,cos,0.59684157371521,0.7409018874168396,0,1
resnet50,bear1-bird2,bear1,bird2,bear10-car2,cat8-bird2,cos,0.59684157371521,0.8208525776863098,0,1
resnet50,bear1-bird2,bear1,bird2,bear10-car2,car3-bird2,cos,0.59684157371521,0.7410550117492676,0,1
resnet50,bear1-bird2,bear1,bird2,bear10-car2,dog3-bird2,cos,0.59684157371521,0.7723354697227478,0,1
resnet50,bear1-bird2,bear1,bird2,bear10-car2,bear6-bird2,cos,0.59684157371521,0.821925699710846,0,1
resnet50,bear1-bird2,bear1,bird2,bear10-car2,boat8-bird2,cos,0.59684157371521,0.741555392742157,0,1
resnet50,bear1-bird2,bear1,bird2,bear10-car2,oven2-bird2,cos,0.59684157371521,0.6796164512634277,0,1
resnet50,bear1-bird2,bear1,bird2,bear10-car2,chair6-bird2,cos,0.59684157371521,0.7112615704536438,0,1
resnet50,bear1-bird2,bear1,bird2,bear10-car2,truck3-bird2,cos,0.59684157371521,0.7623661160469055,0,1
resnet50,bear1-bird2,bear1,bird2,bear10-car2,truck5-bird2,cos,0.59684157371521,0.7469741702079773,0,1
resnet50,bear1-bird2,bear1,bird2,bear10-car2,truck2-bird2,cos,0.59684157371521,0.7328327894210815,0,1
resnet50,bear1-bird2,bear1,bird2,bear10-car2,truck7-bird2,cos,0.59684157371521,0.6943985819816589,0,1
resnet50,bear1-bird2,bear1,bird2,bear10-car2,airplane5-bird2,cos,0.59684157371521,0.7597643136978149,0,1
resnet50,bear1-bird2,bear1,bird2,bear10-car2,bicycle8-bird2,cos,0.59684157371521,0.632051408290863,0,1
resnet50,bear1-bird2,bear1,bird2,bear10-car2,keyboard1-bird2,cos,0.59684157371521,0.746574878692627,0,1
resnet50,bear1-bird2,bear1,bird2,bear10-car2,clock9-bird2,cos,0.59684157371521,0.6691311001777649,0,1
resnet50,bear1-bird2,bear1,bird2,bear10-car2,knife1-bird2,cos,0.59684157371521,0.7073816657066345,0,1
resnet50,bear1-bird2,bear1,bird2,bear10-car2,elephant8-bird2,cos,0.59684157371521,0.7867543697357178,0,1
resnet50,bear1-bird2,bear1,bird2,bear10-bottle1,cat10-bird2,cos,0.5924060940742493,0.7785934805870056,0,1
resnet50,bear1-bird2,bear1,bird2,bear10-bottle1,cat4-bird2,cos,0.5924060940742493,0.7409018874168396,0,1
resnet50,bear1-bird2,bear1,bird2,bear10-bottle1,cat8-bird2,cos,0.5924060940742493,0.8208525776863098,0,1
resnet50,bear1-bird2,bear1,bird2,bear10-bottle1,car3-bird2,cos,0.5924060940742493,0.7410550117492676,0,1
resnet50,bear1-bird2,bear1,bird2,bear10-bottle1,dog3-bird2,cos,0.5924060940742493,0.7723354697227478,0,1
resnet50,bear1-bird2,bear1,bird2,bear10-bottle1,bear6-bird2,cos,0.5924060940742493,0.821925699710846,0,1
resnet50,bear1-bird2,bear1,bird2,bear10-bottle1,boat8-bird2,cos,0.5924060940742493,0.741555392742157,0,1
resnet50,bear1-bird2,bear1,bird2,bear10-bottle1,oven2-bird2,cos,0.5924060940742493,0.6796164512634277,0,1
resnet50,bear1-bird2,bear1,bird2,bear10-bottle1,chair6-bird2,cos,0.5924060940742493,0.7112615704536438,0,1
resnet50,bear1-bird2,bear1,bird2,bear10-bottle1,truck3-bird2,cos,0.5924060940742493,0.7623661160469055,0,1
resnet50,bear1-bird2,bear1,bird2,bear10-bottle1,truck5-bird2,cos,0.5924060940742493,0.7469741702079773,0,1
resnet50,bear1-bird2,bear1,bird2,bear10-bottle1,truck2-bird2,cos,0.5924060940742493,0.7328327894210815,0,1
resnet50,bear1-bird2,bear1,bird2,bear10-bottle1,truck7-bird2,cos,0.5924060940742493,0.6943985819816589,0,1
resnet50,bear1-bird2,bear1,bird2,bear10-bottle1,airplane5-bird2,cos,0.5924060940742493,0.7597643136978149,0,1
resnet50,bear1-bird2,bear1,bird2,bear10-bottle1,bicycle8-bird2,cos,0.5924060940742493,0.632051408290863,0,1
resnet50,bear1-bird2,bear1,bird2,bear10-bottle1,keyboard1-bird2,cos,0.5924060940742493,0.746574878692627,0,1
resnet50,bear1-bird2,bear1,bird2,bear10-bottle1,clock9-bird2,cos,0.5924060940742493,0.6691311001777649,0,1
resnet50,bear1-bird2,bear1,bird2,bear10-bottle1,knife1-bird2,cos,0.5924060940742493,0.7073816657066345,0,1
resnet50,bear1-bird2,bear1,bird2,bear10-bottle1,elephant8-bird2,cos,0.5924060940742493,0.7867543697357178,0,1
resnet50,bear1-bird2,bear1,bird2,bear1-chair2,cat10-bird2,cos,0.6540129780769348,0.7785934805870056,0,1
resnet50,bear1-bird2,bear1,bird2,bear1-chair2,cat4-bird2,cos,0.6540129780769348,0.7409018874168396,0,1
resnet50,bear1-bird2,bear1,bird2,bear1-chair2,cat8-bird2,cos,0.6540129780769348,0.8208525776863098,0,1
resnet50,bear1-bird2,bear1,bird2,bear1-chair2,car3-bird2,cos,0.6540129780769348,0.7410550117492676,0,1
resnet50,bear1-bird2,bear1,bird2,bear1-chair2,dog3-bird2,cos,0.6540129780769348,0.7723354697227478,0,1
resnet50,bear1-bird2,bear1,bird2,bear1-chair2,bear6-bird2,cos,0.6540129780769348,0.821925699710846,0,1
resnet50,bear1-bird2,bear1,bird2,bear1-chair2,boat8-bird2,cos,0.6540129780769348,0.741555392742157,0,1
resnet50,bear1-bird2,bear1,bird2,bear1-chair2,oven2-bird2,cos,0.6540129780769348,0.6796164512634277,0,1
resnet50,bear1-bird2,bear1,bird2,bear1-chair2,chair6-bird2,cos,0.6540129780769348,0.7112615704536438,0,1
resnet50,bear1-bird2,bear1,bird2,bear1-chair2,truck3-bird2,cos,0.6540129780769348,0.7623661160469055,0,1
resnet50,bear1-bird2,bear1,bird2,bear1-chair2,truck5-bird2,cos,0.6540129780769348,0.7469741702079773,0,1
resnet50,bear1-bird2,bear1,bird2,bear1-chair2,truck2-bird2,cos,0.6540129780769348,0.7328327894210815,0,1
resnet50,bear1-bird2,bear1,bird2,bear1-chair2,truck7-bird2,cos,0.6540129780769348,0.6943985819816589,0,1
resnet50,bear1-bird2,bear1,bird2,bear1-chair2,airplane5-bird2,cos,0.6540129780769348,0.7597643136978149,0,1
resnet50,bear1-bird2,bear1,bird2,bear1-chair2,bicycle8-bird2,cos,0.6540129780769348,0.632051408290863,1,0
resnet50,bear1-bird2,bear1,bird2,bear1-chair2,keyboard1-bird2,cos,0.6540129780769348,0.746574878692627,0,1
resnet50,bear1-bird2,bear1,bird2,bear1-chair2,clock9-bird2,cos,0.6540129780769348,0.6691311001777649,0,1
resnet50,bear1-bird2,bear1,bird2,bear1-chair2,knife1-bird2,cos,0.6540129780769348,0.7073816657066345,0,1
resnet50,bear1-bird2,bear1,bird2,bear1-chair2,elephant8-bird2,cos,0.6540129780769348,0.7867543697357178,0,1
resnet50,bear1-bird2,bear1,bird2,bear10-elephant1,cat10-bird2,cos,0.5679026246070862,0.7785934805870056,0,1
resnet50,bear1-bird2,bear1,bird2,bear10-elephant1,cat4-bird2,cos,0.5679026246070862,0.7409018874168396,0,1
resnet50,bear1-bird2,bear1,bird2,bear10-elephant1,cat8-bird2,cos,0.5679026246070862,0.8208525776863098,0,1
resnet50,bear1-bird2,bear1,bird2,bear10-elephant1,car3-bird2,cos,0.5679026246070862,0.7410550117492676,0,1
resnet50,bear1-bird2,bear1,bird2,bear10-elephant1,dog3-bird2,cos,0.5679026246070862,0.7723354697227478,0,1
resnet50,bear1-bird2,bear1,bird2,bear10-elephant1,bear6-bird2,cos,0.5679026246070862,0.821925699710846,0,1
resnet50,bear1-bird2,bear1,bird2,bear10-elephant1,boat8-bird2,cos,0.5679026246070862,0.741555392742157,0,1
resnet50,bear1-bird2,bear1,bird2,bear10-elephant1,oven2-bird2,cos,0.5679026246070862,0.6796164512634277,0,1
resnet50,bear1-bird2,bear1,bird2,bear10-elephant1,chair6-bird2,cos,0.5679026246070862,0.7112615704536438,0,1
resnet50,bear1-bird2,bear1,bird2,bear10-elephant1,truck3-bird2,cos,0.5679026246070862,0.7623661160469055,0,1
resnet50,bear1-bird2,bear1,bird2,bear10-elephant1,truck5-bird2,cos,0.5679026246070862,0.7469741702079773,0,1
resnet50,bear1-bird2,bear1,bird2,bear10-elephant1,truck2-bird2,cos,0.5679026246070862,0.7328327894210815,0,1
resnet50,bear1-bird2,bear1,bird2,bear10-elephant1,truck7-bird2,cos,0.5679026246070862,0.6943985819816589,0,1
resnet50,bear1-bird2,bear1,bird2,bear10-elephant1,airplane5-bird2,cos,0.5679026246070862,0.7597643136978149,0,1
resnet50,bear1-bird2,bear1,bird2,bear10-elephant1,bicycle8-bird2,cos,0.5679026246070862,0.632051408290863,0,1
resnet50,bear1-bird2,bear1,bird2,bear10-elephant1,keyboard1-bird2,cos,0.5679026246070862,0.746574878692627,0,1
resnet50,bear1-bird2,bear1,bird2,bear10-elephant1,clock9-bird2,cos,0.5679026246070862,0.6691311001777649,0,1
resnet50,bear1-bird2,bear1,bird2,bear10-elephant1,knife1-bird2,cos,0.5679026246070862,0.7073816657066345,0,1
resnet50,bear1-bird2,bear1,bird2,bear10-elephant1,elephant8-bird2,cos,0.5679026246070862,0.7867543697357178,0,1
resnet50,bear1-bird2,bear1,bird2,bear10-clock1,cat10-bird2,cos,0.5851612687110901,0.7785934805870056,0,1
resnet50,bear1-bird2,bear1,bird2,bear10-clock1,cat4-bird2,cos,0.5851612687110901,0.7409018874168396,0,1
resnet50,bear1-bird2,bear1,bird2,bear10-clock1,cat8-bird2,cos,0.5851612687110901,0.8208525776863098,0,1
resnet50,bear1-bird2,bear1,bird2,bear10-clock1,car3-bird2,cos,0.5851612687110901,0.7410550117492676,0,1
resnet50,bear1-bird2,bear1,bird2,bear10-clock1,dog3-bird2,cos,0.5851612687110901,0.7723354697227478,0,1
resnet50,bear1-bird2,bear1,bird2,bear10-clock1,bear6-bird2,cos,0.5851612687110901,0.821925699710846,0,1
resnet50,bear1-bird2,bear1,bird2,bear10-clock1,boat8-bird2,cos,0.5851612687110901,0.741555392742157,0,1
resnet50,bear1-bird2,bear1,bird2,bear10-clock1,oven2-bird2,cos,0.5851612687110901,0.6796164512634277,0,1
resnet50,bear1-bird2,bear1,bird2,bear10-clock1,chair6-bird2,cos,0.5851612687110901,0.7112615704536438,0,1
resnet50,bear1-bird2,bear1,bird2,bear10-clock1,truck3-bird2,cos,0.5851612687110901,0.7623661160469055,0,1
resnet50,bear1-bird2,bear1,bird2,bear10-clock1,truck5-bird2,cos,0.5851612687110901,0.7469741702079773,0,1
resnet50,bear1-bird2,bear1,bird2,bear10-clock1,truck2-bird2,cos,0.5851612687110901,0.7328327894210815,0,1
resnet50,bear1-bird2,bear1,bird2,bear10-clock1,truck7-bird2,cos,0.5851612687110901,0.6943985819816589,0,1
resnet50,bear1-bird2,bear1,bird2,bear10-clock1,airplane5-bird2,cos,0.5851612687110901,0.7597643136978149,0,1
resnet50,bear1-bird2,bear1,bird2,bear10-clock1,bicycle8-bird2,cos,0.5851612687110901,0.632051408290863,0,1
resnet50,bear1-bird2,bear1,bird2,bear10-clock1,keyboard1-bird2,cos,0.5851612687110901,0.746574878692627,0,1
resnet50,bear1-bird2,bear1,bird2,bear10-clock1,clock9-bird2,cos,0.5851612687110901,0.6691311001777649,0,1
resnet50,bear1-bird2,bear1,bird2,bear10-clock1,knife1-bird2,cos,0.5851612687110901,0.7073816657066345,0,1
resnet50,bear1-bird2,bear1,bird2,bear10-clock1,elephant8-bird2,cos,0.5851612687110901,0.7867543697357178,0,1
resnet50,bear1-bird2,bear1,bird2,bear10-knife2,cat10-bird2,cos,0.62387615442276,0.7785934805870056,0,1
resnet50,bear1-bird2,bear1,bird2,bear10-knife2,cat4-bird2,cos,0.62387615442276,0.7409018874168396,0,1
resnet50,bear1-bird2,bear1,bird2,bear10-knife2,cat8-bird2,cos,0.62387615442276,0.8208525776863098,0,1
resnet50,bear1-bird2,bear1,bird2,bear10-knife2,car3-bird2,cos,0.62387615442276,0.7410550117492676,0,1
resnet50,bear1-bird2,bear1,bird2,bear10-knife2,dog3-bird2,cos,0.62387615442276,0.7723354697227478,0,1
resnet50,bear1-bird2,bear1,bird2,bear10-knife2,bear6-bird2,cos,0.62387615442276,0.821925699710846,0,1
resnet50,bear1-bird2,bear1,bird2,bear10-knife2,boat8-bird2,cos,0.62387615442276,0.741555392742157,0,1
resnet50,bear1-bird2,bear1,bird2,bear10-knife2,oven2-bird2,cos,0.62387615442276,0.6796164512634277,0,1
resnet50,bear1-bird2,bear1,bird2,bear10-knife2,chair6-bird2,cos,0.62387615442276,0.7112615704536438,0,1
resnet50,bear1-bird2,bear1,bird2,bear10-knife2,truck3-bird2,cos,0.62387615442276,0.7623661160469055,0,1
resnet50,bear1-bird2,bear1,bird2,bear10-knife2,truck5-bird2,cos,0.62387615442276,0.7469741702079773,0,1
resnet50,bear1-bird2,bear1,bird2,bear10-knife2,truck2-bird2,cos,0.62387615442276,0.7328327894210815,0,1
resnet50,bear1-bird2,bear1,bird2,bear10-knife2,truck7-bird2,cos,0.62387615442276,0.6943985819816589,0,1
resnet50,bear1-bird2,bear1,bird2,bear10-knife2,airplane5-bird2,cos,0.62387615442276,0.7597643136978149,0,1
resnet50,bear1-bird2,bear1,bird2,bear10-knife2,bicycle8-bird2,cos,0.62387615442276,0.632051408290863,0,1
resnet50,bear1-bird2,bear1,bird2,bear10-knife2,keyboard1-bird2,cos,0.62387615442276,0.746574878692627,0,1
resnet50,bear1-bird2,bear1,bird2,bear10-knife2,clock9-bird2,cos,0.62387615442276,0.6691311001777649,0,1
resnet50,bear1-bird2,bear1,bird2,bear10-knife2,knife1-bird2,cos,0.62387615442276,0.7073816657066345,0,1
resnet50,bear1-bird2,bear1,bird2,bear10-knife2,elephant8-bird2,cos,0.62387615442276,0.7867543697357178,0,1
resnet50,bear1-bird2,bear1,bird2,bear10-keyboard3,cat10-bird2,cos,0.6776593923568726,0.7785934805870056,0,1
resnet50,bear1-bird2,bear1,bird2,bear10-keyboard3,cat4-bird2,cos,0.6776593923568726,0.7409018874168396,0,1
resnet50,bear1-bird2,bear1,bird2,bear10-keyboard3,cat8-bird2,cos,0.6776593923568726,0.8208525776863098,0,1
resnet50,bear1-bird2,bear1,bird2,bear10-keyboard3,car3-bird2,cos,0.6776593923568726,0.7410550117492676,0,1
resnet50,bear1-bird2,bear1,bird2,bear10-keyboard3,dog3-bird2,cos,0.6776593923568726,0.7723354697227478,0,1
resnet50,bear1-bird2,bear1,bird2,bear10-keyboard3,bear6-bird2,cos,0.6776593923568726,0.821925699710846,0,1
resnet50,bear1-bird2,bear1,bird2,bear10-keyboard3,boat8-bird2,cos,0.6776593923568726,0.741555392742157,0,1
resnet50,bear1-bird2,bear1,bird2,bear10-keyboard3,oven2-bird2,cos,0.6776593923568726,0.6796164512634277,0,1
resnet50,bear1-bird2,bear1,bird2,bear10-keyboard3,chair6-bird2,cos,0.6776593923568726,0.7112615704536438,0,1
resnet50,bear1-bird2,bear1,bird2,bear10-keyboard3,truck3-bird2,cos,0.6776593923568726,0.7623661160469055,0,1
resnet50,bear1-bird2,bear1,bird2,bear10-keyboard3,truck5-bird2,cos,0.6776593923568726,0.7469741702079773,0,1
resnet50,bear1-bird2,bear1,bird2,bear10-keyboard3,truck2-bird2,cos,0.6776593923568726,0.7328327894210815,0,1
resnet50,bear1-bird2,bear1,bird2,bear10-keyboard3,truck7-bird2,cos,0.6776593923568726,0.6943985819816589,0,1
resnet50,bear1-bird2,bear1,bird2,bear10-keyboard3,airplane5-bird2,cos,0.6776593923568726,0.7597643136978149,0,1
resnet50,bear1-bird2,bear1,bird2,bear10-keyboard3,bicycle8-bird2,cos,0.6776593923568726,0.632051408290863,1,0
resnet50,bear1-bird2,bear1,bird2,bear10-keyboard3,keyboard1-bird2,cos,0.6776593923568726,0.746574878692627,0,1
resnet50,bear1-bird2,bear1,bird2,bear10-keyboard3,clock9-bird2,cos,0.6776593923568726,0.6691311001777649,1,0
resnet50,bear1-bird2,bear1,bird2,bear10-keyboard3,knife1-bird2,cos,0.6776593923568726,0.7073816657066345,0,1
resnet50,bear1-bird2,bear1,bird2,bear10-keyboard3,elephant8-bird2,cos,0.6776593923568726,0.7867543697357178,0,1
resnet50,bear1-bird2,bear1,bird2,bear10-chair2,cat10-bird2,cos,0.6096037030220032,0.7785934805870056,0,1
resnet50,bear1-bird2,bear1,bird2,bear10-chair2,cat4-bird2,cos,0.6096037030220032,0.7409018874168396,0,1
resnet50,bear1-bird2,bear1,bird2,bear10-chair2,cat8-bird2,cos,0.6096037030220032,0.8208525776863098,0,1
resnet50,bear1-bird2,bear1,bird2,bear10-chair2,car3-bird2,cos,0.6096037030220032,0.7410550117492676,0,1
resnet50,bear1-bird2,bear1,bird2,bear10-chair2,dog3-bird2,cos,0.6096037030220032,0.7723354697227478,0,1
resnet50,bear1-bird2,bear1,bird2,bear10-chair2,bear6-bird2,cos,0.6096037030220032,0.821925699710846,0,1
resnet50,bear1-bird2,bear1,bird2,bear10-chair2,boat8-bird2,cos,0.6096037030220032,0.741555392742157,0,1
resnet50,bear1-bird2,bear1,bird2,bear10-chair2,oven2-bird2,cos,0.6096037030220032,0.6796164512634277,0,1
resnet50,bear1-bird2,bear1,bird2,bear10-chair2,chair6-bird2,cos,0.6096037030220032,0.7112615704536438,0,1
resnet50,bear1-bird2,bear1,bird2,bear10-chair2,truck3-bird2,cos,0.6096037030220032,0.7623661160469055,0,1
resnet50,bear1-bird2,bear1,bird2,bear10-chair2,truck5-bird2,cos,0.6096037030220032,0.7469741702079773,0,1
resnet50,bear1-bird2,bear1,bird2,bear10-chair2,truck2-bird2,cos,0.6096037030220032,0.7328327894210815,0,1
resnet50,bear1-bird2,bear1,bird2,bear10-chair2,truck7-bird2,cos,0.6096037030220032,0.6943985819816589,0,1
resnet50,bear1-bird2,bear1,bird2,bear10-chair2,airplane5-bird2,cos,0.6096037030220032,0.7597643136978149,0,1
resnet50,bear1-bird2,bear1,bird2,bear10-chair2,bicycle8-bird2,cos,0.6096037030220032,0.632051408290863,0,1
resnet50,bear1-bird2,bear1,bird2,bear10-chair2,keyboard1-bird2,cos,0.6096037030220032,0.746574878692627,0,1
resnet50,bear1-bird2,bear1,bird2,bear10-chair2,clock9-bird2,cos,0.6096037030220032,0.6691311001777649,0,1
resnet50,bear1-bird2,bear1,bird2,bear10-chair2,knife1-bird2,cos,0.6096037030220032,0.7073816657066345,0,1
resnet50,bear1-bird2,bear1,bird2,bear10-chair2,elephant8-bird2,cos,0.6096037030220032,0.7867543697357178,0,1
resnet50,bear1-bird2,bear1,bird2,bear1-elephant1,cat10-bird2,cos,0.6128959059715271,0.7785934805870056,0,1
resnet50,bear1-bird2,bear1,bird2,bear1-elephant1,cat4-bird2,cos,0.6128959059715271,0.7409018874168396,0,1
resnet50,bear1-bird2,bear1,bird2,bear1-elephant1,cat8-bird2,cos,0.6128959059715271,0.8208525776863098,0,1
resnet50,bear1-bird2,bear1,bird2,bear1-elephant1,car3-bird2,cos,0.6128959059715271,0.7410550117492676,0,1
resnet50,bear1-bird2,bear1,bird2,bear1-elephant1,dog3-bird2,cos,0.6128959059715271,0.7723354697227478,0,1
resnet50,bear1-bird2,bear1,bird2,bear1-elephant1,bear6-bird2,cos,0.6128959059715271,0.821925699710846,0,1
resnet50,bear1-bird2,bear1,bird2,bear1-elephant1,boat8-bird2,cos,0.6128959059715271,0.741555392742157,0,1
resnet50,bear1-bird2,bear1,bird2,bear1-elephant1,oven2-bird2,cos,0.6128959059715271,0.6796164512634277,0,1
resnet50,bear1-bird2,bear1,bird2,bear1-elephant1,chair6-bird2,cos,0.6128959059715271,0.7112615704536438,0,1
resnet50,bear1-bird2,bear1,bird2,bear1-elephant1,truck3-bird2,cos,0.6128959059715271,0.7623661160469055,0,1
resnet50,bear1-bird2,bear1,bird2,bear1-elephant1,truck5-bird2,cos,0.6128959059715271,0.7469741702079773,0,1
resnet50,bear1-bird2,bear1,bird2,bear1-elephant1,truck2-bird2,cos,0.6128959059715271,0.7328327894210815,0,1
resnet50,bear1-bird2,bear1,bird2,bear1-elephant1,truck7-bird2,cos,0.6128959059715271,0.6943985819816589,0,1
resnet50,bear1-bird2,bear1,bird2,bear1-elephant1,airplane5-bird2,cos,0.6128959059715271,0.7597643136978149,0,1
resnet50,bear1-bird2,bear1,bird2,bear1-elephant1,bicycle8-bird2,cos,0.6128959059715271,0.632051408290863,0,1
resnet50,bear1-bird2,bear1,bird2,bear1-elephant1,keyboard1-bird2,cos,0.6128959059715271,0.746574878692627,0,1
resnet50,bear1-bird2,bear1,bird2,bear1-elephant1,clock9-bird2,cos,0.6128959059715271,0.6691311001777649,0,1
resnet50,bear1-bird2,bear1,bird2,bear1-elephant1,knife1-bird2,cos,0.6128959059715271,0.7073816657066345,0,1
resnet50,bear1-bird2,bear1,bird2,bear1-elephant1,elephant8-bird2,cos,0.6128959059715271,0.7867543697357178,0,1
resnet50,bear1-bird2,bear1,bird2,bear1-airplane3,cat10-bird2,cos,0.7171387672424316,0.7785934805870056,0,1
resnet50,bear1-bird2,bear1,bird2,bear1-airplane3,cat4-bird2,cos,0.7171387672424316,0.7409018874168396,0,1
resnet50,bear1-bird2,bear1,bird2,bear1-airplane3,cat8-bird2,cos,0.7171387672424316,0.8208525776863098,0,1
resnet50,bear1-bird2,bear1,bird2,bear1-airplane3,car3-bird2,cos,0.7171387672424316,0.7410550117492676,0,1
resnet50,bear1-bird2,bear1,bird2,bear1-airplane3,dog3-bird2,cos,0.7171387672424316,0.7723354697227478,0,1
resnet50,bear1-bird2,bear1,bird2,bear1-airplane3,bear6-bird2,cos,0.7171387672424316,0.821925699710846,0,1
resnet50,bear1-bird2,bear1,bird2,bear1-airplane3,boat8-bird2,cos,0.7171387672424316,0.741555392742157,0,1
resnet50,bear1-bird2,bear1,bird2,bear1-airplane3,oven2-bird2,cos,0.7171387672424316,0.6796164512634277,1,0
resnet50,bear1-bird2,bear1,bird2,bear1-airplane3,chair6-bird2,cos,0.7171387672424316,0.7112615704536438,1,0
resnet50,bear1-bird2,bear1,bird2,bear1-airplane3,truck3-bird2,cos,0.7171387672424316,0.7623661160469055,0,1
resnet50,bear1-bird2,bear1,bird2,bear1-airplane3,truck5-bird2,cos,0.7171387672424316,0.7469741702079773,0,1
resnet50,bear1-bird2,bear1,bird2,bear1-airplane3,truck2-bird2,cos,0.7171387672424316,0.7328327894210815,0,1
resnet50,bear1-bird2,bear1,bird2,bear1-airplane3,truck7-bird2,cos,0.7171387672424316,0.6943985819816589,1,0
resnet50,bear1-bird2,bear1,bird2,bear1-airplane3,airplane5-bird2,cos,0.7171387672424316,0.7597643136978149,0,1
resnet50,bear1-bird2,bear1,bird2,bear1-airplane3,bicycle8-bird2,cos,0.7171387672424316,0.632051408290863,1,0
resnet50,bear1-bird2,bear1,bird2,bear1-airplane3,keyboard1-bird2,cos,0.7171387672424316,0.746574878692627,0,1
resnet50,bear1-bird2,bear1,bird2,bear1-airplane3,clock9-bird2,cos,0.7171387672424316,0.6691311001777649,1,0
resnet50,bear1-bird2,bear1,bird2,bear1-airplane3,knife1-bird2,cos,0.7171387672424316,0.7073816657066345,1,0
resnet50,bear1-bird2,bear1,bird2,bear1-airplane3,elephant8-bird2,cos,0.7171387672424316,0.7867543697357178,0,1
resnet50,bear1-bird2,bear1,bird2,bear1-bicycle3,cat10-bird2,cos,0.7574737668037415,0.7785934805870056,0,1
resnet50,bear1-bird2,bear1,bird2,bear1-bicycle3,cat4-bird2,cos,0.7574737668037415,0.7409018874168396,1,0
resnet50,bear1-bird2,bear1,bird2,bear1-bicycle3,cat8-bird2,cos,0.7574737668037415,0.8208525776863098,0,1
resnet50,bear1-bird2,bear1,bird2,bear1-bicycle3,car3-bird2,cos,0.7574737668037415,0.7410550117492676,1,0
resnet50,bear1-bird2,bear1,bird2,bear1-bicycle3,dog3-bird2,cos,0.7574737668037415,0.7723354697227478,0,1
resnet50,bear1-bird2,bear1,bird2,bear1-bicycle3,bear6-bird2,cos,0.7574737668037415,0.821925699710846,0,1
resnet50,bear1-bird2,bear1,bird2,bear1-bicycle3,boat8-bird2,cos,0.7574737668037415,0.741555392742157,1,0
resnet50,bear1-bird2,bear1,bird2,bear1-bicycle3,oven2-bird2,cos,0.7574737668037415,0.6796164512634277,1,0
resnet50,bear1-bird2,bear1,bird2,bear1-bicycle3,chair6-bird2,cos,0.7574737668037415,0.7112615704536438,1,0
resnet50,bear1-bird2,bear1,bird2,bear1-bicycle3,truck3-bird2,cos,0.7574737668037415,0.7623661160469055,0,1
resnet50,bear1-bird2,bear1,bird2,bear1-bicycle3,truck5-bird2,cos,0.7574737668037415,0.7469741702079773,1,0
resnet50,bear1-bird2,bear1,bird2,bear1-bicycle3,truck2-bird2,cos,0.7574737668037415,0.7328327894210815,1,0
resnet50,bear1-bird2,bear1,bird2,bear1-bicycle3,truck7-bird2,cos,0.7574737668037415,0.6943985819816589,1,0
resnet50,bear1-bird2,bear1,bird2,bear1-bicycle3,airplane5-bird2,cos,0.7574737668037415,0.7597643136978149,0,1
resnet50,bear1-bird2,bear1,bird2,bear1-bicycle3,bicycle8-bird2,cos,0.7574737668037415,0.632051408290863,1,0
resnet50,bear1-bird2,bear1,bird2,bear1-bicycle3,keyboard1-bird2,cos,0.7574737668037415,0.746574878692627,1,0
resnet50,bear1-bird2,bear1,bird2,bear1-bicycle3,clock9-bird2,cos,0.7574737668037415,0.6691311001777649,1,0
resnet50,bear1-bird2,bear1,bird2,bear1-bicycle3,knife1-bird2,cos,0.7574737668037415,0.7073816657066345,1,0
resnet50,bear1-bird2,bear1,bird2,bear1-bicycle3,elephant8-bird2,cos,0.7574737668037415,0.7867543697357178,0,1
resnet50,bear1-bird2,bear1,bird2,bear10-cat2,cat10-bird2,ed,26.972606658935547,18.641508102416992,0,1
resnet50,bear1-bird2,bear1,bird2,bear10-cat2,cat4-bird2,ed,26.972606658935547,20.140602111816406,0,1
resnet50,bear1-bird2,bear1,bird2,bear10-cat2,cat8-bird2,ed,26.972606658935547,16.307710647583008,0,1
resnet50,bear1-bird2,bear1,bird2,bear10-cat2,car3-bird2,ed,26.972606658935547,20.213573455810547,0,1
resnet50,bear1-bird2,bear1,bird2,bear10-cat2,dog3-bird2,ed,26.972606658935547,18.201065063476562,0,1
resnet50,bear1-bird2,bear1,bird2,bear10-cat2,bear6-bird2,ed,26.972606658935547,16.938627243041992,0,1
resnet50,bear1-bird2,bear1,bird2,bear10-cat2,boat8-bird2,ed,26.972606658935547,20.216978073120117,0,1
resnet50,bear1-bird2,bear1,bird2,bear10-cat2,oven2-bird2,ed,26.972606658935547,21.584491729736328,0,1
resnet50,bear1-bird2,bear1,bird2,bear10-cat2,chair6-bird2,ed,26.972606658935547,21.909042358398438,0,1
resnet50,bear1-bird2,bear1,bird2,bear10-cat2,truck3-bird2,ed,26.972606658935547,20.9285888671875,0,1
resnet50,bear1-bird2,bear1,bird2,bear10-cat2,truck5-bird2,ed,26.972606658935547,21.37183380126953,0,1
resnet50,bear1-bird2,bear1,bird2,bear10-cat2,truck2-bird2,ed,26.972606658935547,20.930973052978516,0,1
resnet50,bear1-bird2,bear1,bird2,bear10-cat2,truck7-bird2,ed,26.972606658935547,23.08829689025879,0,1
resnet50,bear1-bird2,bear1,bird2,bear10-cat2,airplane5-bird2,ed,26.972606658935547,20.377450942993164,0,1
resnet50,bear1-bird2,bear1,bird2,bear10-cat2,bicycle8-bird2,ed,26.972606658935547,24.979646682739258,0,1
resnet50,bear1-bird2,bear1,bird2,bear10-cat2,keyboard1-bird2,ed,26.972606658935547,20.515689849853516,0,1
resnet50,bear1-bird2,bear1,bird2,bear10-cat2,clock9-bird2,ed,26.972606658935547,23.99001693725586,0,1
resnet50,bear1-bird2,bear1,bird2,bear10-cat2,knife1-bird2,ed,26.972606658935547,21.330345153808594,0,1
resnet50,bear1-bird2,bear1,bird2,bear10-cat2,elephant8-bird2,ed,26.972606658935547,17.774789810180664,0,1
resnet50,bear1-bird2,bear1,bird2,bear10-oven1,cat10-bird2,ed,24.305185317993164,18.641508102416992,0,1
resnet50,bear1-bird2,bear1,bird2,bear10-oven1,cat4-bird2,ed,24.305185317993164,20.140602111816406,0,1
resnet50,bear1-bird2,bear1,bird2,bear10-oven1,cat8-bird2,ed,24.305185317993164,16.307710647583008,0,1
resnet50,bear1-bird2,bear1,bird2,bear10-oven1,car3-bird2,ed,24.305185317993164,20.213573455810547,0,1
resnet50,bear1-bird2,bear1,bird2,bear10-oven1,dog3-bird2,ed,24.305185317993164,18.201065063476562,0,1
resnet50,bear1-bird2,bear1,bird2,bear10-oven1,bear6-bird2,ed,24.305185317993164,16.938627243041992,0,1
resnet50,bear1-bird2,bear1,bird2,bear10-oven1,boat8-bird2,ed,24.305185317993164,20.216978073120117,0,1
resnet50,bear1-bird2,bear1,bird2,bear10-oven1,oven2-bird2,ed,24.305185317993164,21.584491729736328,0,1
resnet50,bear1-bird2,bear1,bird2,bear10-oven1,chair6-bird2,ed,24.305185317993164,21.909042358398438,0,1
resnet50,bear1-bird2,bear1,bird2,bear10-oven1,truck3-bird2,ed,24.305185317993164,20.9285888671875,0,1
resnet50,bear1-bird2,bear1,bird2,bear10-oven1,truck5-bird2,ed,24.305185317993164,21.37183380126953,0,1
resnet50,bear1-bird2,bear1,bird2,bear10-oven1,truck2-bird2,ed,24.305185317993164,20.930973052978516,0,1
resnet50,bear1-bird2,bear1,bird2,bear10-oven1,truck7-bird2,ed,24.305185317993164,23.08829689025879,0,1
resnet50,bear1-bird2,bear1,bird2,bear10-oven1,airplane5-bird2,ed,24.305185317993164,20.377450942993164,0,1
resnet50,bear1-bird2,bear1,bird2,bear10-oven1,bicycle8-bird2,ed,24.305185317993164,24.979646682739258,1,0
resnet50,bear1-bird2,bear1,bird2,bear10-oven1,keyboard1-bird2,ed,24.305185317993164,20.515689849853516,0,1
resnet50,bear1-bird2,bear1,bird2,bear10-oven1,clock9-bird2,ed,24.305185317993164,23.99001693725586,0,1
resnet50,bear1-bird2,bear1,bird2,bear10-oven1,knife1-bird2,ed,24.305185317993164,21.330345153808594,0,1
resnet50,bear1-bird2,bear1,bird2,bear10-oven1,elephant8-bird2,ed,24.305185317993164,17.774789810180664,0,1
resnet50,bear1-bird2,bear1,bird2,bear10-truck1,cat10-bird2,ed,24.01959991455078,18.641508102416992,0,1
resnet50,bear1-bird2,bear1,bird2,bear10-truck1,cat4-bird2,ed,24.01959991455078,20.140602111816406,0,1
resnet50,bear1-bird2,bear1,bird2,bear10-truck1,cat8-bird2,ed,24.01959991455078,16.307710647583008,0,1
resnet50,bear1-bird2,bear1,bird2,bear10-truck1,car3-bird2,ed,24.01959991455078,20.213573455810547,0,1
resnet50,bear1-bird2,bear1,bird2,bear10-truck1,dog3-bird2,ed,24.01959991455078,18.201065063476562,0,1
resnet50,bear1-bird2,bear1,bird2,bear10-truck1,bear6-bird2,ed,24.01959991455078,16.938627243041992,0,1
resnet50,bear1-bird2,bear1,bird2,bear10-truck1,boat8-bird2,ed,24.01959991455078,20.216978073120117,0,1
resnet50,bear1-bird2,bear1,bird2,bear10-truck1,oven2-bird2,ed,24.01959991455078,21.584491729736328,0,1
resnet50,bear1-bird2,bear1,bird2,bear10-truck1,chair6-bird2,ed,24.01959991455078,21.909042358398438,0,1
resnet50,bear1-bird2,bear1,bird2,bear10-truck1,truck3-bird2,ed,24.01959991455078,20.9285888671875,0,1
resnet50,bear1-bird2,bear1,bird2,bear10-truck1,truck5-bird2,ed,24.01959991455078,21.37183380126953,0,1
resnet50,bear1-bird2,bear1,bird2,bear10-truck1,truck2-bird2,ed,24.01959991455078,20.930973052978516,0,1
resnet50,bear1-bird2,bear1,bird2,bear10-truck1,truck7-bird2,ed,24.01959991455078,23.08829689025879,0,1
resnet50,bear1-bird2,bear1,bird2,bear10-truck1,airplane5-bird2,ed,24.01959991455078,20.377450942993164,0,1
resnet50,bear1-bird2,bear1,bird2,bear10-truck1,bicycle8-bird2,ed,24.01959991455078,24.979646682739258,1,0
resnet50,bear1-bird2,bear1,bird2,bear10-truck1,keyboard1-bird2,ed,24.01959991455078,20.515689849853516,0,1
resnet50,bear1-bird2,bear1,bird2,bear10-truck1,clock9-bird2,ed,24.01959991455078,23.99001693725586,0,1
resnet50,bear1-bird2,bear1,bird2,bear10-truck1,knife1-bird2,ed,24.01959991455078,21.330345153808594,0,1
resnet50,bear1-bird2,bear1,bird2,bear10-truck1,elephant8-bird2,ed,24.01959991455078,17.774789810180664,0,1
resnet50,bear1-bird2,bear1,bird2,bear1-clock2,cat10-bird2,ed,20.926334381103516,18.641508102416992,0,1
resnet50,bear1-bird2,bear1,bird2,bear1-clock2,cat4-bird2,ed,20.926334381103516,20.140602111816406,0,1
resnet50,bear1-bird2,bear1,bird2,bear1-clock2,cat8-bird2,ed,20.926334381103516,16.307710647583008,0,1
resnet50,bear1-bird2,bear1,bird2,bear1-clock2,car3-bird2,ed,20.926334381103516,20.213573455810547,0,1
resnet50,bear1-bird2,bear1,bird2,bear1-clock2,dog3-bird2,ed,20.926334381103516,18.201065063476562,0,1
resnet50,bear1-bird2,bear1,bird2,bear1-clock2,bear6-bird2,ed,20.926334381103516,16.938627243041992,0,1
resnet50,bear1-bird2,bear1,bird2,bear1-clock2,boat8-bird2,ed,20.926334381103516,20.216978073120117,0,1
resnet50,bear1-bird2,bear1,bird2,bear1-clock2,oven2-bird2,ed,20.926334381103516,21.584491729736328,1,0
resnet50,bear1-bird2,bear1,bird2,bear1-clock2,chair6-bird2,ed,20.926334381103516,21.909042358398438,1,0
resnet50,bear1-bird2,bear1,bird2,bear1-clock2,truck3-bird2,ed,20.926334381103516,20.9285888671875,1,0
resnet50,bear1-bird2,bear1,bird2,bear1-clock2,truck5-bird2,ed,20.926334381103516,21.37183380126953,1,0
resnet50,bear1-bird2,bear1,bird2,bear1-clock2,truck2-bird2,ed,20.926334381103516,20.930973052978516,1,0
resnet50,bear1-bird2,bear1,bird2,bear1-clock2,truck7-bird2,ed,20.926334381103516,23.08829689025879,1,0
resnet50,bear1-bird2,bear1,bird2,bear1-clock2,airplane5-bird2,ed,20.926334381103516,20.377450942993164,0,1
resnet50,bear1-bird2,bear1,bird2,bear1-clock2,bicycle8-bird2,ed,20.926334381103516,24.979646682739258,1,0
resnet50,bear1-bird2,bear1,bird2,bear1-clock2,keyboard1-bird2,ed,20.926334381103516,20.515689849853516,0,1
resnet50,bear1-bird2,bear1,bird2,bear1-clock2,clock9-bird2,ed,20.926334381103516,23.99001693725586,1,0
resnet50,bear1-bird2,bear1,bird2,bear1-clock2,knife1-bird2,ed,20.926334381103516,21.330345153808594,1,0
resnet50,bear1-bird2,bear1,bird2,bear1-clock2,elephant8-bird2,ed,20.926334381103516,17.774789810180664,0,1
resnet50,bear1-bird2,bear1,bird2,bear10-car2,cat10-bird2,ed,27.18284034729004,18.641508102416992,0,1
resnet50,bear1-bird2,bear1,bird2,bear10-car2,cat4-bird2,ed,27.18284034729004,20.140602111816406,0,1
resnet50,bear1-bird2,bear1,bird2,bear10-car2,cat8-bird2,ed,27.18284034729004,16.307710647583008,0,1
resnet50,bear1-bird2,bear1,bird2,bear10-car2,car3-bird2,ed,27.18284034729004,20.213573455810547,0,1
resnet50,bear1-bird2,bear1,bird2,bear10-car2,dog3-bird2,ed,27.18284034729004,18.201065063476562,0,1
resnet50,bear1-bird2,bear1,bird2,bear10-car2,bear6-bird2,ed,27.18284034729004,16.938627243041992,0,1
resnet50,bear1-bird2,bear1,bird2,bear10-car2,boat8-bird2,ed,27.18284034729004,20.216978073120117,0,1
resnet50,bear1-bird2,bear1,bird2,bear10-car2,oven2-bird2,ed,27.18284034729004,21.584491729736328,0,1
resnet50,bear1-bird2,bear1,bird2,bear10-car2,chair6-bird2,ed,27.18284034729004,21.909042358398438,0,1
resnet50,bear1-bird2,bear1,bird2,bear10-car2,truck3-bird2,ed,27.18284034729004,20.9285888671875,0,1
resnet50,bear1-bird2,bear1,bird2,bear10-car2,truck5-bird2,ed,27.18284034729004,21.37183380126953,0,1
resnet50,bear1-bird2,bear1,bird2,bear10-car2,truck2-bird2,ed,27.18284034729004,20.930973052978516,0,1
resnet50,bear1-bird2,bear1,bird2,bear10-car2,truck7-bird2,ed,27.18284034729004,23.08829689025879,0,1
resnet50,bear1-bird2,bear1,bird2,bear10-car2,airplane5-bird2,ed,27.18284034729004,20.377450942993164,0,1
resnet50,bear1-bird2,bear1,bird2,bear10-car2,bicycle8-bird2,ed,27.18284034729004,24.979646682739258,0,1
resnet50,bear1-bird2,bear1,bird2,bear10-car2,keyboard1-bird2,ed,27.18284034729004,20.515689849853516,0,1
resnet50,bear1-bird2,bear1,bird2,bear10-car2,clock9-bird2,ed,27.18284034729004,23.99001693725586,0,1
resnet50,bear1-bird2,bear1,bird2,bear10-car2,knife1-bird2,ed,27.18284034729004,21.330345153808594,0,1
resnet50,bear1-bird2,bear1,bird2,bear10-car2,elephant8-bird2,ed,27.18284034729004,17.774789810180664,0,1
resnet50,bear1-bird2,bear1,bird2,bear10-bottle1,cat10-bird2,ed,26.239255905151367,18.641508102416992,0,1
resnet50,bear1-bird2,bear1,bird2,bear10-bottle1,cat4-bird2,ed,26.239255905151367,20.140602111816406,0,1
resnet50,bear1-bird2,bear1,bird2,bear10-bottle1,cat8-bird2,ed,26.239255905151367,16.307710647583008,0,1
resnet50,bear1-bird2,bear1,bird2,bear10-bottle1,car3-bird2,ed,26.239255905151367,20.213573455810547,0,1
resnet50,bear1-bird2,bear1,bird2,bear10-bottle1,dog3-bird2,ed,26.239255905151367,18.201065063476562,0,1
resnet50,bear1-bird2,bear1,bird2,bear10-bottle1,bear6-bird2,ed,26.239255905151367,16.938627243041992,0,1
resnet50,bear1-bird2,bear1,bird2,bear10-bottle1,boat8-bird2,ed,26.239255905151367,20.216978073120117,0,1
resnet50,bear1-bird2,bear1,bird2,bear10-bottle1,oven2-bird2,ed,26.239255905151367,21.584491729736328,0,1
resnet50,bear1-bird2,bear1,bird2,bear10-bottle1,chair6-bird2,ed,26.239255905151367,21.909042358398438,0,1
resnet50,bear1-bird2,bear1,bird2,bear10-bottle1,truck3-bird2,ed,26.239255905151367,20.9285888671875,0,1
resnet50,bear1-bird2,bear1,bird2,bear10-bottle1,truck5-bird2,ed,26.239255905151367,21.37183380126953,0,1
resnet50,bear1-bird2,bear1,bird2,bear10-bottle1,truck2-bird2,ed,26.239255905151367,20.930973052978516,0,1
resnet50,bear1-bird2,bear1,bird2,bear10-bottle1,truck7-bird2,ed,26.239255905151367,23.08829689025879,0,1
resnet50,bear1-bird2,bear1,bird2,bear10-bottle1,airplane5-bird2,ed,26.239255905151367,20.377450942993164,0,1
resnet50,bear1-bird2,bear1,bird2,bear10-bottle1,bicycle8-bird2,ed,26.239255905151367,24.979646682739258,0,1
resnet50,bear1-bird2,bear1,bird2,bear10-bottle1,keyboard1-bird2,ed,26.239255905151367,20.515689849853516,0,1
resnet50,bear1-bird2,bear1,bird2,bear10-bottle1,clock9-bird2,ed,26.239255905151367,23.99001693725586,0,1
resnet50,bear1-bird2,bear1,bird2,bear10-bottle1,knife1-bird2,ed,26.239255905151367,21.330345153808594,0,1
resnet50,bear1-bird2,bear1,bird2,bear10-bottle1,elephant8-bird2,ed,26.239255905151367,17.774789810180664,0,1
resnet50,bear1-bird2,bear1,bird2,bear1-chair2,cat10-bird2,ed,23.230737686157227,18.641508102416992,0,1
resnet50,bear1-bird2,bear1,bird2,bear1-chair2,cat4-bird2,ed,23.230737686157227,20.140602111816406,0,1
resnet50,bear1-bird2,bear1,bird2,bear1-chair2,cat8-bird2,ed,23.230737686157227,16.307710647583008,0,1
resnet50,bear1-bird2,bear1,bird2,bear1-chair2,car3-bird2,ed,23.230737686157227,20.213573455810547,0,1
resnet50,bear1-bird2,bear1,bird2,bear1-chair2,dog3-bird2,ed,23.230737686157227,18.201065063476562,0,1
resnet50,bear1-bird2,bear1,bird2,bear1-chair2,bear6-bird2,ed,23.230737686157227,16.938627243041992,0,1
resnet50,bear1-bird2,bear1,bird2,bear1-chair2,boat8-bird2,ed,23.230737686157227,20.216978073120117,0,1
resnet50,bear1-bird2,bear1,bird2,bear1-chair2,oven2-bird2,ed,23.230737686157227,21.584491729736328,0,1
resnet50,bear1-bird2,bear1,bird2,bear1-chair2,chair6-bird2,ed,23.230737686157227,21.909042358398438,0,1
resnet50,bear1-bird2,bear1,bird2,bear1-chair2,truck3-bird2,ed,23.230737686157227,20.9285888671875,0,1
resnet50,bear1-bird2,bear1,bird2,bear1-chair2,truck5-bird2,ed,23.230737686157227,21.37183380126953,0,1
resnet50,bear1-bird2,bear1,bird2,bear1-chair2,truck2-bird2,ed,23.230737686157227,20.930973052978516,0,1
resnet50,bear1-bird2,bear1,bird2,bear1-chair2,truck7-bird2,ed,23.230737686157227,23.08829689025879,0,1
resnet50,bear1-bird2,bear1,bird2,bear1-chair2,airplane5-bird2,ed,23.230737686157227,20.377450942993164,0,1
resnet50,bear1-bird2,bear1,bird2,bear1-chair2,bicycle8-bird2,ed,23.230737686157227,24.979646682739258,1,0
resnet50,bear1-bird2,bear1,bird2,bear1-chair2,keyboard1-bird2,ed,23.230737686157227,20.515689849853516,0,1
resnet50,bear1-bird2,bear1,bird2,bear1-chair2,clock9-bird2,ed,23.230737686157227,23.99001693725586,1,0
resnet50,bear1-bird2,bear1,bird2,bear1-chair2,knife1-bird2,ed,23.230737686157227,21.330345153808594,0,1
resnet50,bear1-bird2,bear1,bird2,bear1-chair2,elephant8-bird2,ed,23.230737686157227,17.774789810180664,0,1
resnet50,bear1-bird2,bear1,bird2,bear10-elephant1,cat10-bird2,ed,25.892955780029297,18.641508102416992,0,1
resnet50,bear1-bird2,bear1,bird2,bear10-elephant1,cat4-bird2,ed,25.892955780029297,20.140602111816406,0,1
resnet50,bear1-bird2,bear1,bird2,bear10-elephant1,cat8-bird2,ed,25.892955780029297,16.307710647583008,0,1
resnet50,bear1-bird2,bear1,bird2,bear10-elephant1,car3-bird2,ed,25.892955780029297,20.213573455810547,0,1
resnet50,bear1-bird2,bear1,bird2,bear10-elephant1,dog3-bird2,ed,25.892955780029297,18.201065063476562,0,1
resnet50,bear1-bird2,bear1,bird2,bear10-elephant1,bear6-bird2,ed,25.892955780029297,16.938627243041992,0,1
resnet50,bear1-bird2,bear1,bird2,bear10-elephant1,boat8-bird2,ed,25.892955780029297,20.216978073120117,0,1
resnet50,bear1-bird2,bear1,bird2,bear10-elephant1,oven2-bird2,ed,25.892955780029297,21.584491729736328,0,1
resnet50,bear1-bird2,bear1,bird2,bear10-elephant1,chair6-bird2,ed,25.892955780029297,21.909042358398438,0,1
resnet50,bear1-bird2,bear1,bird2,bear10-elephant1,truck3-bird2,ed,25.892955780029297,20.9285888671875,0,1
resnet50,bear1-bird2,bear1,bird2,bear10-elephant1,truck5-bird2,ed,25.892955780029297,21.37183380126953,0,1
resnet50,bear1-bird2,bear1,bird2,bear10-elephant1,truck2-bird2,ed,25.892955780029297,20.930973052978516,0,1
resnet50,bear1-bird2,bear1,bird2,bear10-elephant1,truck7-bird2,ed,25.892955780029297,23.08829689025879,0,1
resnet50,bear1-bird2,bear1,bird2,bear10-elephant1,airplane5-bird2,ed,25.892955780029297,20.377450942993164,0,1
resnet50,bear1-bird2,bear1,bird2,bear10-elephant1,bicycle8-bird2,ed,25.892955780029297,24.979646682739258,0,1
resnet50,bear1-bird2,bear1,bird2,bear10-elephant1,keyboard1-bird2,ed,25.892955780029297,20.515689849853516,0,1
resnet50,bear1-bird2,bear1,bird2,bear10-elephant1,clock9-bird2,ed,25.892955780029297,23.99001693725586,0,1
resnet50,bear1-bird2,bear1,bird2,bear10-elephant1,knife1-bird2,ed,25.892955780029297,21.330345153808594,0,1
resnet50,bear1-bird2,bear1,bird2,bear10-elephant1,elephant8-bird2,ed,25.892955780029297,17.774789810180664,0,1
resnet50,bear1-bird2,bear1,bird2,bear10-clock1,cat10-bird2,ed,25.53742027282715,18.641508102416992,0,1
resnet50,bear1-bird2,bear1,bird2,bear10-clock1,cat4-bird2,ed,25.53742027282715,20.140602111816406,0,1
resnet50,bear1-bird2,bear1,bird2,bear10-clock1,cat8-bird2,ed,25.53742027282715,16.307710647583008,0,1
resnet50,bear1-bird2,bear1,bird2,bear10-clock1,car3-bird2,ed,25.53742027282715,20.213573455810547,0,1
resnet50,bear1-bird2,bear1,bird2,bear10-clock1,dog3-bird2,ed,25.53742027282715,18.201065063476562,0,1
resnet50,bear1-bird2,bear1,bird2,bear10-clock1,bear6-bird2,ed,25.53742027282715,16.938627243041992,0,1
resnet50,bear1-bird2,bear1,bird2,bear10-clock1,boat8-bird2,ed,25.53742027282715,20.216978073120117,0,1
resnet50,bear1-bird2,bear1,bird2,bear10-clock1,oven2-bird2,ed,25.53742027282715,21.584491729736328,0,1
resnet50,bear1-bird2,bear1,bird2,bear10-clock1,chair6-bird2,ed,25.53742027282715,21.909042358398438,0,1
resnet50,bear1-bird2,bear1,bird2,bear10-clock1,truck3-bird2,ed,25.53742027282715,20.9285888671875,0,1
resnet50,bear1-bird2,bear1,bird2,bear10-clock1,truck5-bird2,ed,25.53742027282715,21.37183380126953,0,1
resnet50,bear1-bird2,bear1,bird2,bear10-clock1,truck2-bird2,ed,25.53742027282715,20.930973052978516,0,1
resnet50,bear1-bird2,bear1,bird2,bear10-clock1,truck7-bird2,ed,25.53742027282715,23.08829689025879,0,1
resnet50,bear1-bird2,bear1,bird2,bear10-clock1,airplane5-bird2,ed,25.53742027282715,20.377450942993164,0,1
resnet50,bear1-bird2,bear1,bird2,bear10-clock1,bicycle8-bird2,ed,25.53742027282715,24.979646682739258,0,1
resnet50,bear1-bird2,bear1,bird2,bear10-clock1,keyboard1-bird2,ed,25.53742027282715,20.515689849853516,0,1
resnet50,bear1-bird2,bear1,bird2,bear10-clock1,clock9-bird2,ed,25.53742027282715,23.99001693725586,0,1
resnet50,bear1-bird2,bear1,bird2,bear10-clock1,knife1-bird2,ed,25.53742027282715,21.330345153808594,0,1
resnet50,bear1-bird2,bear1,bird2,bear10-clock1,elephant8-bird2,ed,25.53742027282715,17.774789810180664,0,1
resnet50,bear1-bird2,bear1,bird2,bear10-knife2,cat10-bird2,ed,24.679031372070312,18.641508102416992,0,1
resnet50,bear1-bird2,bear1,bird2,bear10-knife2,cat4-bird2,ed,24.679031372070312,20.140602111816406,0,1
resnet50,bear1-bird2,bear1,bird2,bear10-knife2,cat8-bird2,ed,24.679031372070312,16.307710647583008,0,1
resnet50,bear1-bird2,bear1,bird2,bear10-knife2,car3-bird2,ed,24.679031372070312,20.213573455810547,0,1
resnet50,bear1-bird2,bear1,bird2,bear10-knife2,dog3-bird2,ed,24.679031372070312,18.201065063476562,0,1
resnet50,bear1-bird2,bear1,bird2,bear10-knife2,bear6-bird2,ed,24.679031372070312,16.938627243041992,0,1
resnet50,bear1-bird2,bear1,bird2,bear10-knife2,boat8-bird2,ed,24.679031372070312,20.216978073120117,0,1
resnet50,bear1-bird2,bear1,bird2,bear10-knife2,oven2-bird2,ed,24.679031372070312,21.584491729736328,0,1
resnet50,bear1-bird2,bear1,bird2,bear10-knife2,chair6-bird2,ed,24.679031372070312,21.909042358398438,0,1
resnet50,bear1-bird2,bear1,bird2,bear10-knife2,truck3-bird2,ed,24.679031372070312,20.9285888671875,0,1
resnet50,bear1-bird2,bear1,bird2,bear10-knife2,truck5-bird2,ed,24.679031372070312,21.37183380126953,0,1
resnet50,bear1-bird2,bear1,bird2,bear10-knife2,truck2-bird2,ed,24.679031372070312,20.930973052978516,0,1
resnet50,bear1-bird2,bear1,bird2,bear10-knife2,truck7-bird2,ed,24.679031372070312,23.08829689025879,0,1
resnet50,bear1-bird2,bear1,bird2,bear10-knife2,airplane5-bird2,ed,24.679031372070312,20.377450942993164,0,1
resnet50,bear1-bird2,bear1,bird2,bear10-knife2,bicycle8-bird2,ed,24.679031372070312,24.979646682739258,1,0
resnet50,bear1-bird2,bear1,bird2,bear10-knife2,keyboard1-bird2,ed,24.679031372070312,20.515689849853516,0,1
resnet50,bear1-bird2,bear1,bird2,bear10-knife2,clock9-bird2,ed,24.679031372070312,23.99001693725586,0,1
resnet50,bear1-bird2,bear1,bird2,bear10-knife2,knife1-bird2,ed,24.679031372070312,21.330345153808594,0,1
resnet50,bear1-bird2,bear1,bird2,bear10-knife2,elephant8-bird2,ed,24.679031372070312,17.774789810180664,0,1
resnet50,bear1-bird2,bear1,bird2,bear10-keyboard3,cat10-bird2,ed,23.08916473388672,18.641508102416992,0,1
resnet50,bear1-bird2,bear1,bird2,bear10-keyboard3,cat4-bird2,ed,23.08916473388672,20.140602111816406,0,1
resnet50,bear1-bird2,bear1,bird2,bear10-keyboard3,cat8-bird2,ed,23.08916473388672,16.307710647583008,0,1
resnet50,bear1-bird2,bear1,bird2,bear10-keyboard3,car3-bird2,ed,23.08916473388672,20.213573455810547,0,1
resnet50,bear1-bird2,bear1,bird2,bear10-keyboard3,dog3-bird2,ed,23.08916473388672,18.201065063476562,0,1
resnet50,bear1-bird2,bear1,bird2,bear10-keyboard3,bear6-bird2,ed,23.08916473388672,16.938627243041992,0,1
resnet50,bear1-bird2,bear1,bird2,bear10-keyboard3,boat8-bird2,ed,23.08916473388672,20.216978073120117,0,1
resnet50,bear1-bird2,bear1,bird2,bear10-keyboard3,oven2-bird2,ed,23.08916473388672,21.584491729736328,0,1
resnet50,bear1-bird2,bear1,bird2,bear10-keyboard3,chair6-bird2,ed,23.08916473388672,21.909042358398438,0,1
resnet50,bear1-bird2,bear1,bird2,bear10-keyboard3,truck3-bird2,ed,23.08916473388672,20.9285888671875,0,1
resnet50,bear1-bird2,bear1,bird2,bear10-keyboard3,truck5-bird2,ed,23.08916473388672,21.37183380126953,0,1
resnet50,bear1-bird2,bear1,bird2,bear10-keyboard3,truck2-bird2,ed,23.08916473388672,20.930973052978516,0,1
resnet50,bear1-bird2,bear1,bird2,bear10-keyboard3,truck7-bird2,ed,23.08916473388672,23.08829689025879,0,1
resnet50,bear1-bird2,bear1,bird2,bear10-keyboard3,airplane5-bird2,ed,23.08916473388672,20.377450942993164,0,1
resnet50,bear1-bird2,bear1,bird2,bear10-keyboard3,bicycle8-bird2,ed,23.08916473388672,24.979646682739258,1,0
resnet50,bear1-bird2,bear1,bird2,bear10-keyboard3,keyboard1-bird2,ed,23.08916473388672,20.515689849853516,0,1
resnet50,bear1-bird2,bear1,bird2,bear10-keyboard3,clock9-bird2,ed,23.08916473388672,23.99001693725586,1,0
resnet50,bear1-bird2,bear1,bird2,bear10-keyboard3,knife1-bird2,ed,23.08916473388672,21.330345153808594,0,1
resnet50,bear1-bird2,bear1,bird2,bear10-keyboard3,elephant8-bird2,ed,23.08916473388672,17.774789810180664,0,1
resnet50,bear1-bird2,bear1,bird2,bear10-chair2,cat10-bird2,ed,23.965927124023438,18.641508102416992,0,1
resnet50,bear1-bird2,bear1,bird2,bear10-chair2,cat4-bird2,ed,23.965927124023438,20.140602111816406,0,1
resnet50,bear1-bird2,bear1,bird2,bear10-chair2,cat8-bird2,ed,23.965927124023438,16.307710647583008,0,1
resnet50,bear1-bird2,bear1,bird2,bear10-chair2,car3-bird2,ed,23.965927124023438,20.213573455810547,0,1
resnet50,bear1-bird2,bear1,bird2,bear10-chair2,dog3-bird2,ed,23.965927124023438,18.201065063476562,0,1
resnet50,bear1-bird2,bear1,bird2,bear10-chair2,bear6-bird2,ed,23.965927124023438,16.938627243041992,0,1
resnet50,bear1-bird2,bear1,bird2,bear10-chair2,boat8-bird2,ed,23.965927124023438,20.216978073120117,0,1
resnet50,bear1-bird2,bear1,bird2,bear10-chair2,oven2-bird2,ed,23.965927124023438,21.584491729736328,0,1
resnet50,bear1-bird2,bear1,bird2,bear10-chair2,chair6-bird2,ed,23.965927124023438,21.909042358398438,0,1
resnet50,bear1-bird2,bear1,bird2,bear10-chair2,truck3-bird2,ed,23.965927124023438,20.9285888671875,0,1
resnet50,bear1-bird2,bear1,bird2,bear10-chair2,truck5-bird2,ed,23.965927124023438,21.37183380126953,0,1
resnet50,bear1-bird2,bear1,bird2,bear10-chair2,truck2-bird2,ed,23.965927124023438,20.930973052978516,0,1
resnet50,bear1-bird2,bear1,bird2,bear10-chair2,truck7-bird2,ed,23.965927124023438,23.08829689025879,0,1
resnet50,bear1-bird2,bear1,bird2,bear10-chair2,airplane5-bird2,ed,23.965927124023438,20.377450942993164,0,1
resnet50,bear1-bird2,bear1,bird2,bear10-chair2,bicycle8-bird2,ed,23.965927124023438,24.979646682739258,1,0
resnet50,bear1-bird2,bear1,bird2,bear10-chair2,keyboard1-bird2,ed,23.965927124023438,20.515689849853516,0,1
resnet50,bear1-bird2,bear1,bird2,bear10-chair2,clock9-bird2,ed,23.965927124023438,23.99001693725586,1,0
resnet50,bear1-bird2,bear1,bird2,bear10-chair2,knife1-bird2,ed,23.965927124023438,21.330345153808594,0,1
resnet50,bear1-bird2,bear1,bird2,bear10-chair2,elephant8-bird2,ed,23.965927124023438,17.774789810180664,0,1
resnet50,bear1-bird2,bear1,bird2,bear1-elephant1,cat10-bird2,ed,24.551828384399414,18.641508102416992,0,1
resnet50,bear1-bird2,bear1,bird2,bear1-elephant1,cat4-bird2,ed,24.551828384399414,20.140602111816406,0,1
resnet50,bear1-bird2,bear1,bird2,bear1-elephant1,cat8-bird2,ed,24.551828384399414,16.307710647583008,0,1
resnet50,bear1-bird2,bear1,bird2,bear1-elephant1,car3-bird2,ed,24.551828384399414,20.213573455810547,0,1
resnet50,bear1-bird2,bear1,bird2,bear1-elephant1,dog3-bird2,ed,24.551828384399414,18.201065063476562,0,1
resnet50,bear1-bird2,bear1,bird2,bear1-elephant1,bear6-bird2,ed,24.551828384399414,16.938627243041992,0,1
resnet50,bear1-bird2,bear1,bird2,bear1-elephant1,boat8-bird2,ed,24.551828384399414,20.216978073120117,0,1
resnet50,bear1-bird2,bear1,bird2,bear1-elephant1,oven2-bird2,ed,24.551828384399414,21.584491729736328,0,1
resnet50,bear1-bird2,bear1,bird2,bear1-elephant1,chair6-bird2,ed,24.551828384399414,21.909042358398438,0,1
resnet50,bear1-bird2,bear1,bird2,bear1-elephant1,truck3-bird2,ed,24.551828384399414,20.9285888671875,0,1
resnet50,bear1-bird2,bear1,bird2,bear1-elephant1,truck5-bird2,ed,24.551828384399414,21.37183380126953,0,1
resnet50,bear1-bird2,bear1,bird2,bear1-elephant1,truck2-bird2,ed,24.551828384399414,20.930973052978516,0,1
resnet50,bear1-bird2,bear1,bird2,bear1-elephant1,truck7-bird2,ed,24.551828384399414,23.08829689025879,0,1
resnet50,bear1-bird2,bear1,bird2,bear1-elephant1,airplane5-bird2,ed,24.551828384399414,20.377450942993164,0,1
resnet50,bear1-bird2,bear1,bird2,bear1-elephant1,bicycle8-bird2,ed,24.551828384399414,24.979646682739258,1,0
resnet50,bear1-bird2,bear1,bird2,bear1-elephant1,keyboard1-bird2,ed,24.551828384399414,20.515689849853516,0,1
resnet50,bear1-bird2,bear1,bird2,bear1-elephant1,clock9-bird2,ed,24.551828384399414,23.99001693725586,0,1
resnet50,bear1-bird2,bear1,bird2,bear1-elephant1,knife1-bird2,ed,24.551828384399414,21.330345153808594,0,1
resnet50,bear1-bird2,bear1,bird2,bear1-elephant1,elephant8-bird2,ed,24.551828384399414,17.774789810180664,0,1
resnet50,bear1-bird2,bear1,bird2,bear1-airplane3,cat10-bird2,ed,21.884109497070312,18.641508102416992,0,1
resnet50,bear1-bird2,bear1,bird2,bear1-airplane3,cat4-bird2,ed,21.884109497070312,20.140602111816406,0,1
resnet50,bear1-bird2,bear1,bird2,bear1-airplane3,cat8-bird2,ed,21.884109497070312,16.307710647583008,0,1
resnet50,bear1-bird2,bear1,bird2,bear1-airplane3,car3-bird2,ed,21.884109497070312,20.213573455810547,0,1
resnet50,bear1-bird2,bear1,bird2,bear1-airplane3,dog3-bird2,ed,21.884109497070312,18.201065063476562,0,1
resnet50,bear1-bird2,bear1,bird2,bear1-airplane3,bear6-bird2,ed,21.884109497070312,16.938627243041992,0,1
resnet50,bear1-bird2,bear1,bird2,bear1-airplane3,boat8-bird2,ed,21.884109497070312,20.216978073120117,0,1
resnet50,bear1-bird2,bear1,bird2,bear1-airplane3,oven2-bird2,ed,21.884109497070312,21.584491729736328,0,1
resnet50,bear1-bird2,bear1,bird2,bear1-airplane3,chair6-bird2,ed,21.884109497070312,21.909042358398438,1,0
resnet50,bear1-bird2,bear1,bird2,bear1-airplane3,truck3-bird2,ed,21.884109497070312,20.9285888671875,0,1
resnet50,bear1-bird2,bear1,bird2,bear1-airplane3,truck5-bird2,ed,21.884109497070312,21.37183380126953,0,1
resnet50,bear1-bird2,bear1,bird2,bear1-airplane3,truck2-bird2,ed,21.884109497070312,20.930973052978516,0,1
resnet50,bear1-bird2,bear1,bird2,bear1-airplane3,truck7-bird2,ed,21.884109497070312,23.08829689025879,1,0
resnet50,bear1-bird2,bear1,bird2,bear1-airplane3,airplane5-bird2,ed,21.884109497070312,20.377450942993164,0,1
resnet50,bear1-bird2,bear1,bird2,bear1-airplane3,bicycle8-bird2,ed,21.884109497070312,24.979646682739258,1,0
resnet50,bear1-bird2,bear1,bird2,bear1-airplane3,keyboard1-bird2,ed,21.884109497070312,20.515689849853516,0,1
resnet50,bear1-bird2,bear1,bird2,bear1-airplane3,clock9-bird2,ed,21.884109497070312,23.99001693725586,1,0
resnet50,bear1-bird2,bear1,bird2,bear1-airplane3,knife1-bird2,ed,21.884109497070312,21.330345153808594,0,1
resnet50,bear1-bird2,bear1,bird2,bear1-airplane3,elephant8-bird2,ed,21.884109497070312,17.774789810180664,0,1
resnet50,bear1-bird2,bear1,bird2,bear1-bicycle3,cat10-bird2,ed,19.14139175415039,18.641508102416992,0,1
resnet50,bear1-bird2,bear1,bird2,bear1-bicycle3,cat4-bird2,ed,19.14139175415039,20.140602111816406,1,0
resnet50,bear1-bird2,bear1,bird2,bear1-bicycle3,cat8-bird2,ed,19.14139175415039,16.307710647583008,0,1
resnet50,bear1-bird2,bear1,bird2,bear1-bicycle3,car3-bird2,ed,19.14139175415039,20.213573455810547,1,0
resnet50,bear1-bird2,bear1,bird2,bear1-bicycle3,dog3-bird2,ed,19.14139175415039,18.201065063476562,0,1
resnet50,bear1-bird2,bear1,bird2,bear1-bicycle3,bear6-bird2,ed,19.14139175415039,16.938627243041992,0,1
resnet50,bear1-bird2,bear1,bird2,bear1-bicycle3,boat8-bird2,ed,19.14139175415039,20.216978073120117,1,0
resnet50,bear1-bird2,bear1,bird2,bear1-bicycle3,oven2-bird2,ed,19.14139175415039,21.584491729736328,1,0
resnet50,bear1-bird2,bear1,bird2,bear1-bicycle3,chair6-bird2,ed,19.14139175415039,21.909042358398438,1,0
resnet50,bear1-bird2,bear1,bird2,bear1-bicycle3,truck3-bird2,ed,19.14139175415039,20.9285888671875,1,0
resnet50,bear1-bird2,bear1,bird2,bear1-bicycle3,truck5-bird2,ed,19.14139175415039,21.37183380126953,1,0
resnet50,bear1-bird2,bear1,bird2,bear1-bicycle3,truck2-bird2,ed,19.14139175415039,20.930973052978516,1,0
resnet50,bear1-bird2,bear1,bird2,bear1-bicycle3,truck7-bird2,ed,19.14139175415039,23.08829689025879,1,0
resnet50,bear1-bird2,bear1,bird2,bear1-bicycle3,airplane5-bird2,ed,19.14139175415039,20.377450942993164,1,0
resnet50,bear1-bird2,bear1,bird2,bear1-bicycle3,bicycle8-bird2,ed,19.14139175415039,24.979646682739258,1,0
resnet50,bear1-bird2,bear1,bird2,bear1-bicycle3,keyboard1-bird2,ed,19.14139175415039,20.515689849853516,1,0
resnet50,bear1-bird2,bear1,bird2,bear1-bicycle3,clock9-bird2,ed,19.14139175415039,23.99001693725586,1,0
resnet50,bear1-bird2,bear1,bird2,bear1-bicycle3,knife1-bird2,ed,19.14139175415039,21.330345153808594,1,0
resnet50,bear1-bird2,bear1,bird2,bear1-bicycle3,elephant8-bird2,ed,19.14139175415039,17.774789810180664,0,1
